{
    "SucceededTests": [],
    "FailedTests": [
        {
            "Input": "5\n0 301 300 138 142 \n301 0 374 244 225 \n300 374 0 194 387 \n138 244 194 0 141 \n142 225 387 141 0 \n",
            "Output": "2446\n",
            "CorrectOutput": false,
            "FailMessage": "Output not formatted correctly"
        },
        {
            "Input": "5\n0 347 205 124 138 \n347 0 159 331 292 \n205 159 0 259 171 \n124 331 259 0 115 \n138 292 171 115 0 \n",
            "Output": "2141\n",
            "CorrectOutput": false,
            "FailMessage": "Output not formatted correctly"
        },
        {
            "Input": "8\n0 209 102 354 359 150 162 174 \n209 0 104 369 300 111 203 216 \n102 104 0 367 300 266 197 153 \n354 369 367 0 105 147 264 390 \n359 300 300 105 0 326 121 215 \n150 111 266 147 326 0 101 345 \n162 203 197 264 121 101 0 260 \n174 216 153 390 215 345 260 0 \n",
            "Output": "6370\n",
            "CorrectOutput": false,
            "FailMessage": "Output not formatted correctly"
        },
        {
            "Input": "9\n0 309 288 273 227 210 131 111 287 \n309 0 308 161 365 306 215 116 275 \n288 308 0 165 227 361 331 214 325 \n273 161 165 0 153 176 390 265 195 \n227 365 227 153 0 255 305 283 211 \n210 306 361 176 255 0 279 191 219 \n131 215 331 390 305 279 0 191 248 \n111 116 214 265 283 191 191 0 283 \n287 275 325 195 211 219 248 283 0 \n",
            "Output": "8849\n",
            "CorrectOutput": false,
            "FailMessage": "Output not formatted correctly"
        },
        {
            "Input": "9\n0 341 210 353 131 304 216 285 264 \n341 0 215 310 391 201 363 227 314 \n210 215 0 346 353 343 399 207 143 \n353 310 346 0 338 344 300 243 390 \n131 391 353 338 0 163 170 303 117 \n304 201 343 344 163 0 247 390 327 \n216 363 399 300 170 247 0 322 184 \n285 227 207 243 303 390 322 0 392 \n264 314 143 390 117 327 184 392 0 \n",
            "Output": "10146\n",
            "CorrectOutput": false,
            "FailMessage": "Output not formatted correctly"
        },
        {
            "Input": "7\n0 395 187 342 339 204 208 \n395 0 262 158 245 324 318 \n187 262 0 247 246 144 253 \n342 158 247 0 139 257 216 \n339 245 246 139 0 128 237 \n204 324 144 257 128 0 177 \n208 318 253 216 237 177 0 \n",
            "Output": "5026\n",
            "CorrectOutput": false,
            "FailMessage": "Output not formatted correctly"
        },
        {
            "Input": "6\n0 328 232 281 106 326 \n328 0 383 152 258 340 \n232 383 0 345 263 175 \n281 152 345 0 379 169 \n106 258 263 379 0 203 \n326 340 175 169 203 0 \n",
            "Output": "3940\n",
            "CorrectOutput": false,
            "FailMessage": "Output not formatted correctly"
        },
        {
            "Input": "5\n0 257 246 249 302 \n257 0 166 182 369 \n246 166 0 350 113 \n249 182 350 0 300 \n302 369 113 300 0 \n",
            "Output": "2534\n",
            "CorrectOutput": false,
            "FailMessage": "Output not formatted correctly"
        },
        {
            "Input": "8\n0 158 380 322 224 357 110 334 \n158 0 358 138 234 205 395 397 \n380 358 0 384 120 355 251 142 \n322 138 384 0 212 135 251 106 \n224 234 120 212 0 252 250 165 \n357 205 355 135 252 0 150 270 \n110 395 251 251 250 150 0 112 \n334 397 142 106 165 270 112 0 \n",
            "Output": "6767\n",
            "CorrectOutput": false,
            "FailMessage": "Output not formatted correctly"
        },
        {
            "Input": "5\n0 304 300 284 106 \n304 0 256 399 310 \n300 256 0 148 275 \n284 399 148 0 297 \n106 310 275 297 0 \n",
            "Output": "2679\n",
            "CorrectOutput": false,
            "FailMessage": "Output not formatted correctly"
        },
        {
            "Input": "9\n0 279 254 175 112 271 186 215 196 \n279 0 354 191 263 271 363 160 207 \n254 354 0 367 378 336 380 245 185 \n175 191 367 0 252 245 291 185 207 \n112 263 378 252 0 254 326 375 104 \n271 271 336 245 254 0 352 215 122 \n186 363 380 291 326 352 0 113 369 \n215 160 245 185 375 215 113 0 289 \n196 207 185 207 104 122 369 289 0 \n",
            "Output": "9087\n",
            "CorrectOutput": false,
            "FailMessage": "Output not formatted correctly"
        },
        {
            "Input": "7\n0 278 352 316 248 117 246 \n278 0 272 375 200 119 219 \n352 272 0 122 266 372 291 \n316 375 122 0 351 259 139 \n248 200 266 351 0 235 187 \n117 119 372 259 235 0 323 \n246 219 291 139 187 323 0 \n",
            "Output": "5287\n",
            "CorrectOutput": false,
            "FailMessage": "Output not formatted correctly"
        },
        {
            "Input": "5\n0 252 367 315 145 \n252 0 275 336 128 \n367 275 0 171 307 \n315 336 171 0 126 \n145 128 307 126 0 \n",
            "Output": "2422\n",
            "CorrectOutput": false,
            "FailMessage": "Output not formatted correctly"
        },
        {
            "Input": "7\n0 145 109 337 307 145 316 \n145 0 191 350 356 188 191 \n109 191 0 371 314 223 306 \n337 350 371 0 350 252 339 \n307 356 314 350 0 171 377 \n145 188 223 252 171 0 390 \n316 191 306 339 377 390 0 \n",
            "Output": "5728\n",
            "CorrectOutput": false,
            "FailMessage": "Output not formatted correctly"
        },
        {
            "Input": "6\n0 377 326 139 136 292 \n377 0 356 108 119 392 \n326 356 0 156 173 384 \n139 108 156 0 204 172 \n136 119 173 204 0 130 \n292 392 384 172 130 0 \n",
            "Output": "3464\n",
            "CorrectOutput": false,
            "FailMessage": "Output not formatted correctly"
        },
        {
            "Input": "6\n0 246 110 220 156 136 \n246 0 177 350 371 119 \n110 177 0 385 101 139 \n220 350 385 0 360 225 \n156 371 101 360 0 256 \n136 119 139 225 256 0 \n",
            "Output": "3351\n",
            "CorrectOutput": false,
            "FailMessage": "Output not formatted correctly"
        },
        {
            "Input": "6\n0 214 389 234 256 152 \n214 0 383 312 391 301 \n389 383 0 122 202 363 \n234 312 122 0 101 390 \n256 391 202 101 0 324 \n152 301 363 390 324 0 \n",
            "Output": "4134\n",
            "CorrectOutput": false,
            "FailMessage": "Output not formatted correctly"
        },
        {
            "Input": "5\n0 385 250 143 194 \n385 0 175 272 375 \n250 175 0 217 187 \n143 272 217 0 219 \n194 375 187 219 0 \n",
            "Output": "2417\n",
            "CorrectOutput": false,
            "FailMessage": "Output not formatted correctly"
        },
        {
            "Input": "8\n0 344 104 233 142 156 307 156 \n344 0 361 369 304 148 243 140 \n104 361 0 135 132 149 295 273 \n233 369 135 0 103 223 251 328 \n142 304 132 103 0 360 346 363 \n156 148 149 223 360 0 339 158 \n307 243 295 251 346 339 0 203 \n156 140 273 328 363 158 203 0 \n",
            "Output": "6665\n",
            "CorrectOutput": false,
            "FailMessage": "Output not formatted correctly"
        },
        {
            "Input": "8\n0 394 174 191 361 348 346 139 \n394 0 173 326 239 295 292 219 \n174 173 0 254 308 161 248 309 \n191 326 254 0 324 103 382 303 \n361 239 308 324 0 140 391 279 \n348 295 161 103 140 0 256 213 \n346 292 248 382 391 256 0 158 \n139 219 309 303 279 213 158 0 \n",
            "Output": "7326\n",
            "CorrectOutput": false,
            "FailMessage": "Output not formatted correctly"
        },
        {
            "Input": "6\n0 350 212 327 296 323 \n350 0 197 214 317 331 \n212 197 0 268 376 239 \n327 214 268 0 187 343 \n296 317 376 187 0 316 \n323 331 239 343 316 0 \n",
            "Output": "4296\n",
            "CorrectOutput": false,
            "FailMessage": "Output not formatted correctly"
        },
        {
            "Input": "9\n0 206 183 134 258 284 375 318 329 \n206 0 264 125 384 300 152 179 283 \n183 264 0 334 208 183 238 101 325 \n134 125 334 0 135 212 392 141 109 \n258 384 208 135 0 354 383 356 303 \n284 300 183 212 354 0 301 391 113 \n375 152 238 392 383 301 0 379 345 \n318 179 101 141 356 391 379 0 268 \n329 283 325 109 303 113 345 268 0 \n",
            "Output": "9345\n",
            "CorrectOutput": false,
            "FailMessage": "Output not formatted correctly"
        },
        {
            "Input": "7\n0 335 363 176 314 127 214 \n335 0 132 294 156 161 368 \n363 132 0 336 217 101 353 \n176 294 336 0 107 381 154 \n314 156 217 107 0 245 186 \n127 161 101 381 245 0 352 \n214 368 353 154 186 352 0 \n",
            "Output": "5072\n",
            "CorrectOutput": false,
            "FailMessage": "Output not formatted correctly"
        },
        {
            "Input": "4\n0 398 379 193 \n398 0 145 132 \n379 145 0 122 \n193 132 122 0 \n",
            "Output": "1369\n",
            "CorrectOutput": false,
            "FailMessage": "Output not formatted correctly"
        },
        {
            "Input": "9\n0 353 123 389 100 143 395 380 262 \n353 0 284 302 362 174 365 244 114 \n123 284 0 208 293 106 145 192 130 \n389 302 208 0 166 148 328 285 238 \n100 362 293 166 0 102 141 184 268 \n143 174 106 148 102 0 376 167 250 \n395 365 145 328 141 376 0 385 250 \n380 244 192 285 184 167 385 0 234 \n262 114 130 238 268 250 250 234 0 \n",
            "Output": "8586\n",
            "CorrectOutput": false,
            "FailMessage": "Output not formatted correctly"
        },
        {
            "Input": "4\n0 377 216 165 \n377 0 352 354 \n216 352 0 271 \n165 354 271 0 \n",
            "Output": "1735\n",
            "CorrectOutput": false,
            "FailMessage": "Output not formatted correctly"
        },
        {
            "Input": "4\n0 123 118 281 \n123 0 252 163 \n118 252 0 201 \n281 163 201 0 \n",
            "Output": "1138\n",
            "CorrectOutput": false,
            "FailMessage": "Output not formatted correctly"
        },
        {
            "Input": "9\n0 169 169 349 286 160 169 366 178 \n169 0 183 156 275 286 157 354 154 \n169 183 0 261 289 368 141 225 262 \n349 156 261 0 221 308 165 289 181 \n286 275 289 221 0 115 395 149 347 \n160 286 368 308 115 0 386 369 380 \n169 157 141 165 395 386 0 304 353 \n366 354 225 289 149 369 304 0 163 \n178 154 262 181 347 380 353 163 0 \n",
            "Output": "9082\n",
            "CorrectOutput": false,
            "FailMessage": "Output not formatted correctly"
        },
        {
            "Input": "8\n0 192 369 150 164 179 280 149 \n192 0 288 383 304 176 145 162 \n369 288 0 292 266 388 271 208 \n150 383 292 0 353 239 139 345 \n164 304 266 353 0 303 262 380 \n179 176 388 239 303 0 291 368 \n280 145 271 139 262 291 0 124 \n149 162 208 345 380 368 124 0 \n",
            "Output": "7170\n",
            "CorrectOutput": false,
            "FailMessage": "Output not formatted correctly"
        },
        {
            "Input": "4\n0 111 156 119 \n111 0 106 251 \n156 106 0 115 \n119 251 115 0 \n",
            "Output": "858\n",
            "CorrectOutput": false,
            "FailMessage": "Output not formatted correctly"
        },
        {
            "Input": "7\n0 382 334 329 341 385 240 \n382 0 316 221 276 308 321 \n334 316 0 398 292 197 274 \n329 221 398 0 277 370 260 \n341 276 292 277 0 390 273 \n385 308 197 370 390 0 200 \n240 321 274 260 273 200 0 \n",
            "Output": "6384\n",
            "CorrectOutput": false,
            "FailMessage": "Output not formatted correctly"
        },
        {
            "Input": "9\n0 108 196 173 236 242 107 346 189 \n108 0 310 397 253 367 202 352 182 \n196 310 0 393 375 363 358 392 373 \n173 397 393 0 265 155 255 149 291 \n236 253 375 265 0 320 114 171 246 \n242 367 363 155 320 0 246 224 385 \n107 202 358 255 114 246 0 263 372 \n346 352 392 149 171 224 263 0 384 \n189 182 373 291 246 385 372 384 0 \n",
            "Output": "9754\n",
            "CorrectOutput": false,
            "FailMessage": "Output not formatted correctly"
        },
        {
            "Input": "8\n0 121 118 266 217 340 349 107 \n121 0 162 350 208 255 342 187 \n118 162 0 359 382 318 172 353 \n266 350 359 0 159 219 127 196 \n217 208 382 159 0 140 122 265 \n340 255 318 219 140 0 320 113 \n349 342 172 127 122 320 0 272 \n107 187 353 196 265 113 272 0 \n",
            "Output": "6539\n",
            "CorrectOutput": false,
            "FailMessage": "Output not formatted correctly"
        },
        {
            "Input": "4\n0 324 394 184 \n324 0 347 366 \n394 347 0 169 \n184 366 169 0 \n",
            "Output": "1784\n",
            "CorrectOutput": false,
            "FailMessage": "Output not formatted correctly"
        },
        {
            "Input": "7\n0 102 155 119 236 325 304 \n102 0 204 302 326 399 183 \n155 204 0 195 393 242 127 \n119 302 195 0 104 281 232 \n236 326 393 104 0 117 361 \n325 399 242 281 117 0 385 \n304 183 127 232 361 385 0 \n",
            "Output": "5092\n",
            "CorrectOutput": false,
            "FailMessage": "Output not formatted correctly"
        },
        {
            "Input": "8\n0 359 353 219 386 158 279 354 \n359 0 392 330 290 310 348 397 \n353 392 0 240 112 375 150 226 \n219 330 240 0 181 343 299 374 \n386 290 112 181 0 100 205 349 \n158 310 375 343 100 0 118 200 \n279 348 150 299 205 118 0 163 \n354 397 226 374 349 200 163 0 \n",
            "Output": "7610\n",
            "CorrectOutput": false,
            "FailMessage": "Output not formatted correctly"
        },
        {
            "Input": "8\n0 345 214 205 133 188 358 214 \n345 0 203 119 185 120 382 147 \n214 203 0 234 270 348 136 215 \n205 119 234 0 253 367 364 384 \n133 185 270 253 0 379 328 288 \n188 120 348 367 379 0 346 216 \n358 382 136 364 328 346 0 282 \n214 147 215 384 288 216 282 0 \n",
            "Output": "7223\n",
            "CorrectOutput": false,
            "FailMessage": "Output not formatted correctly"
        },
        {
            "Input": "4\n0 283 143 111 \n283 0 157 225 \n143 157 0 337 \n111 225 337 0 \n",
            "Output": "1256\n",
            "CorrectOutput": false,
            "FailMessage": "Output not formatted correctly"
        },
        {
            "Input": "7\n0 264 170 317 287 184 262 \n264 0 153 128 292 277 301 \n170 153 0 197 232 365 165 \n317 128 197 0 376 160 151 \n287 292 232 376 0 233 227 \n184 277 365 160 233 0 324 \n262 301 165 151 227 324 0 \n",
            "Output": "5065\n",
            "CorrectOutput": false,
            "FailMessage": "Output not formatted correctly"
        },
        {
            "Input": "6\n0 248 310 121 206 333 \n248 0 342 224 344 228 \n310 342 0 119 163 159 \n121 224 119 0 372 220 \n206 344 163 372 0 101 \n333 228 159 220 101 0 \n",
            "Output": "3490\n",
            "CorrectOutput": false,
            "FailMessage": "Output not formatted correctly"
        },
        {
            "Input": "5\n0 183 158 172 162 \n183 0 280 392 299 \n158 280 0 236 108 \n172 392 236 0 349 \n162 299 108 349 0 \n",
            "Output": "2339\n",
            "CorrectOutput": false,
            "FailMessage": "Output not formatted correctly"
        },
        {
            "Input": "5\n0 285 355 291 288 \n285 0 310 211 150 \n355 310 0 304 335 \n291 211 304 0 169 \n288 150 335 169 0 \n",
            "Output": "2698\n",
            "CorrectOutput": false,
            "FailMessage": "Output not formatted correctly"
        },
        {
            "Input": "5\n0 300 209 156 272 \n300 0 265 245 238 \n209 265 0 317 386 \n156 245 317 0 336 \n272 238 386 336 0 \n",
            "Output": "2724\n",
            "CorrectOutput": false,
            "FailMessage": "Output not formatted correctly"
        },
        {
            "Input": "4\n0 367 363 151 \n367 0 240 118 \n363 240 0 328 \n151 118 328 0 \n",
            "Output": "1567\n",
            "CorrectOutput": false,
            "FailMessage": "Output not formatted correctly"
        },
        {
            "Input": "4\n0 156 284 162 \n156 0 251 307 \n284 251 0 224 \n162 307 224 0 \n",
            "Output": "1384\n",
            "CorrectOutput": false,
            "FailMessage": "Output not formatted correctly"
        },
        {
            "Input": "4\n0 370 336 277 \n370 0 190 118 \n336 190 0 182 \n277 118 182 0 \n",
            "Output": "1473\n",
            "CorrectOutput": false,
            "FailMessage": "Output not formatted correctly"
        },
        {
            "Input": "8\n0 120 226 174 261 233 168 225 \n120 0 384 354 124 116 190 310 \n226 384 0 320 352 179 377 136 \n174 354 320 0 227 161 259 278 \n261 124 352 227 0 378 258 397 \n233 116 179 161 378 0 317 150 \n168 190 377 259 258 317 0 395 \n225 310 136 278 397 150 395 0 \n",
            "Output": "7069\n",
            "CorrectOutput": false,
            "FailMessage": "Output not formatted correctly"
        },
        {
            "Input": "6\n0 198 329 312 159 212 \n198 0 266 279 339 274 \n329 266 0 172 352 284 \n312 279 172 0 183 142 \n159 339 352 183 0 130 \n212 274 284 142 130 0 \n",
            "Output": "3631\n",
            "CorrectOutput": false,
            "FailMessage": "Output not formatted correctly"
        },
        {
            "Input": "6\n0 340 253 226 273 137 \n340 0 328 270 343 375 \n253 328 0 202 204 350 \n226 270 202 0 388 269 \n273 343 204 388 0 251 \n137 375 350 269 251 0 \n",
            "Output": "4209\n",
            "CorrectOutput": false,
            "FailMessage": "Output not formatted correctly"
        },
        {
            "Input": "5\n0 252 292 204 396 \n252 0 375 178 217 \n292 375 0 174 186 \n204 178 174 0 181 \n396 217 186 181 0 \n",
            "Output": "2455\n",
            "CorrectOutput": false,
            "FailMessage": "Output not formatted correctly"
        },
        {
            "Input": "7\n0 386 145 282 144 241 115 \n386 0 373 337 315 246 298 \n145 373 0 212 106 325 172 \n282 337 212 0 358 354 279 \n144 315 106 358 0 139 176 \n241 246 325 354 139 0 369 \n115 298 172 279 176 369 0 \n",
            "Output": "5372\n",
            "CorrectOutput": false,
            "FailMessage": "Output not formatted correctly"
        },
        {
            "Input": "7\n0 149 303 286 357 163 362 \n149 0 214 186 379 119 149 \n303 214 0 312 107 111 175 \n286 186 312 0 200 349 313 \n357 379 107 200 0 153 363 \n163 119 111 349 153 0 319 \n362 149 175 313 363 319 0 \n",
            "Output": "5069\n",
            "CorrectOutput": false,
            "FailMessage": "Output not formatted correctly"
        },
        {
            "Input": "8\n0 132 148 303 247 303 220 201 \n132 0 203 238 101 262 390 242 \n148 203 0 259 288 349 377 233 \n303 238 259 0 178 389 101 174 \n247 101 288 178 0 191 224 341 \n303 262 349 389 191 0 301 252 \n220 390 377 101 224 301 0 126 \n201 242 233 174 341 252 126 0 \n",
            "Output": "6773\n",
            "CorrectOutput": false,
            "FailMessage": "Output not formatted correctly"
        },
        {
            "Input": "9\n0 170 384 247 378 240 370 189 105 \n170 0 280 208 273 260 350 108 398 \n384 280 0 376 270 354 150 333 351 \n247 208 376 0 217 268 125 247 347 \n378 273 270 217 0 210 388 190 188 \n240 260 354 268 210 0 266 172 359 \n370 350 150 125 388 266 0 110 178 \n189 108 333 247 190 172 110 0 234 \n105 398 351 347 188 359 178 234 0 \n",
            "Output": "9293\n",
            "CorrectOutput": false,
            "FailMessage": "Output not formatted correctly"
        },
        {
            "Input": "6\n0 122 146 331 327 300 \n122 0 191 280 282 298 \n146 191 0 114 252 372 \n331 280 114 0 240 292 \n327 282 252 240 0 210 \n300 298 372 292 210 0 \n",
            "Output": "3757\n",
            "CorrectOutput": false,
            "FailMessage": "Output not formatted correctly"
        },
        {
            "Input": "9\n0 214 328 332 337 121 130 360 219 \n214 0 133 162 160 110 392 225 123 \n328 133 0 241 110 315 240 254 296 \n332 162 241 0 376 168 253 352 186 \n337 160 110 376 0 282 349 236 368 \n121 110 315 168 282 0 294 353 166 \n130 392 240 253 349 294 0 357 320 \n360 225 254 352 236 353 357 0 245 \n219 123 296 186 368 166 320 245 0 \n",
            "Output": "9107\n",
            "CorrectOutput": false,
            "FailMessage": "Output not formatted correctly"
        },
        {
            "Input": "7\n0 355 228 127 390 321 232 \n355 0 226 191 389 274 225 \n228 226 0 272 375 313 312 \n127 191 272 0 283 224 387 \n390 389 375 283 0 398 142 \n321 274 313 224 398 0 177 \n232 225 312 387 142 177 0 \n",
            "Output": "5841\n",
            "CorrectOutput": false,
            "FailMessage": "Output not formatted correctly"
        },
        {
            "Input": "9\n0 150 376 237 188 128 104 192 171 \n150 0 226 389 368 193 335 267 320 \n376 226 0 307 286 397 283 161 186 \n237 389 307 0 221 193 180 105 208 \n188 368 286 221 0 279 170 232 342 \n128 193 397 193 279 0 307 151 395 \n104 335 283 180 170 307 0 368 275 \n192 267 161 105 232 151 368 0 378 \n171 320 186 208 342 395 275 378 0 \n",
            "Output": "9068\n",
            "CorrectOutput": false,
            "FailMessage": "Output not formatted correctly"
        },
        {
            "Input": "5\n0 188 221 369 347 \n188 0 238 152 130 \n221 238 0 298 109 \n369 152 298 0 113 \n347 130 109 113 0 \n",
            "Output": "2165\n",
            "CorrectOutput": false,
            "FailMessage": "Output not formatted correctly"
        },
        {
            "Input": "5\n0 293 389 289 338 \n293 0 389 394 294 \n389 389 0 155 115 \n289 394 155 0 141 \n338 294 115 141 0 \n",
            "Output": "2797\n",
            "CorrectOutput": false,
            "FailMessage": "Output not formatted correctly"
        },
        {
            "Input": "5\n0 348 347 362 210 \n348 0 174 222 380 \n347 174 0 201 172 \n362 222 201 0 164 \n210 380 172 164 0 \n",
            "Output": "2580\n",
            "CorrectOutput": false,
            "FailMessage": "Output not formatted correctly"
        },
        {
            "Input": "6\n0 277 246 292 319 332 \n277 0 325 349 151 218 \n246 325 0 244 348 127 \n292 349 244 0 194 345 \n319 151 348 194 0 349 \n332 218 127 345 349 0 \n",
            "Output": "4116\n",
            "CorrectOutput": false,
            "FailMessage": "Output not formatted correctly"
        },
        {
            "Input": "9\n0 387 332 142 341 239 228 233 253 \n387 0 113 309 314 187 105 106 202 \n332 113 0 108 172 124 117 245 162 \n142 309 108 0 257 220 197 352 278 \n341 314 172 257 0 185 302 107 103 \n239 187 124 220 185 0 383 288 218 \n228 105 117 197 302 383 0 217 262 \n233 106 245 352 107 288 217 0 201 \n253 202 162 278 103 218 262 201 0 \n",
            "Output": "7989\n",
            "CorrectOutput": false,
            "FailMessage": "Output not formatted correctly"
        },
        {
            "Input": "9\n0 332 314 285 354 205 379 362 379 \n332 0 358 260 321 222 132 274 384 \n314 358 0 346 336 375 132 191 228 \n285 260 346 0 329 212 248 377 235 \n354 321 336 329 0 149 329 388 366 \n205 222 375 212 149 0 226 275 303 \n379 132 132 248 329 226 0 309 269 \n362 274 191 377 388 275 309 0 347 \n379 384 228 235 366 303 269 347 0 \n",
            "Output": "10531\n",
            "CorrectOutput": false,
            "FailMessage": "Output not formatted correctly"
        },
        {
            "Input": "4\n0 277 176 340 \n277 0 372 170 \n176 372 0 199 \n340 170 199 0 \n",
            "Output": "1534\n",
            "CorrectOutput": false,
            "FailMessage": "Output not formatted correctly"
        },
        {
            "Input": "4\n0 191 278 182 \n191 0 306 262 \n278 306 0 239 \n182 262 239 0 \n",
            "Output": "1458\n",
            "CorrectOutput": false,
            "FailMessage": "Output not formatted correctly"
        },
        {
            "Input": "7\n0 355 137 232 229 287 128 \n355 0 270 249 299 279 114 \n137 270 0 309 237 393 283 \n232 249 309 0 226 385 227 \n229 299 237 226 0 320 335 \n287 279 393 385 320 0 244 \n128 114 283 227 335 244 0 \n",
            "Output": "5538\n",
            "CorrectOutput": false,
            "FailMessage": "Output not formatted correctly"
        },
        {
            "Input": "6\n0 204 345 185 342 239 \n204 0 393 161 266 330 \n345 393 0 381 357 291 \n185 161 381 0 138 128 \n342 266 357 138 0 237 \n239 330 291 128 237 0 \n",
            "Output": "3997\n",
            "CorrectOutput": false,
            "FailMessage": "Output not formatted correctly"
        },
        {
            "Input": "6\n0 399 106 361 326 322 \n399 0 255 275 236 256 \n106 255 0 182 392 205 \n361 275 182 0 130 129 \n326 236 392 130 0 285 \n322 256 205 129 285 0 \n",
            "Output": "3859\n",
            "CorrectOutput": false,
            "FailMessage": "Output not formatted correctly"
        },
        {
            "Input": "4\n0 375 173 393 \n375 0 248 268 \n173 248 0 260 \n393 268 260 0 \n",
            "Output": "1717\n",
            "CorrectOutput": false,
            "FailMessage": "Output not formatted correctly"
        },
        {
            "Input": "8\n0 169 271 302 318 161 335 235 \n169 0 253 232 310 308 314 230 \n271 253 0 345 206 165 293 364 \n302 232 345 0 260 183 295 254 \n318 310 206 260 0 276 306 367 \n161 308 165 183 276 0 337 219 \n335 314 293 295 306 337 0 254 \n235 230 364 254 367 219 254 0 \n",
            "Output": "7562\n",
            "CorrectOutput": false,
            "FailMessage": "Output not formatted correctly"
        },
        {
            "Input": "8\n0 188 352 343 358 131 278 130 \n188 0 285 387 392 397 165 388 \n352 285 0 163 285 225 267 121 \n343 387 163 0 308 378 129 131 \n358 392 285 308 0 254 209 154 \n131 397 225 378 254 0 166 155 \n278 165 267 129 209 166 0 327 \n130 388 121 131 154 155 327 0 \n",
            "Output": "7066\n",
            "CorrectOutput": false,
            "FailMessage": "Output not formatted correctly"
        },
        {
            "Input": "7\n0 103 331 212 367 259 276 \n103 0 213 204 121 237 267 \n331 213 0 158 385 342 355 \n212 204 158 0 240 162 268 \n367 121 385 240 0 313 205 \n259 237 342 162 313 0 129 \n276 267 355 268 205 129 0 \n",
            "Output": "5147\n",
            "CorrectOutput": false,
            "FailMessage": "Output not formatted correctly"
        },
        {
            "Input": "7\n0 203 240 122 291 113 160 \n203 0 326 195 218 145 130 \n240 326 0 250 263 319 309 \n122 195 250 0 387 100 137 \n291 218 263 387 0 251 275 \n113 145 319 100 251 0 314 \n160 130 309 137 275 314 0 \n",
            "Output": "4748\n",
            "CorrectOutput": false,
            "FailMessage": "Output not formatted correctly"
        },
        {
            "Input": "4\n0 314 237 260 \n314 0 100 147 \n237 100 0 221 \n260 147 221 0 \n",
            "Output": "1279\n",
            "CorrectOutput": false,
            "FailMessage": "Output not formatted correctly"
        },
        {
            "Input": "7\n0 335 203 153 160 122 254 \n335 0 162 302 164 362 307 \n203 162 0 216 381 378 364 \n153 302 216 0 319 213 259 \n160 164 381 319 0 254 138 \n122 362 378 213 254 0 226 \n254 307 364 259 138 226 0 \n",
            "Output": "5272\n",
            "CorrectOutput": false,
            "FailMessage": "Output not formatted correctly"
        },
        {
            "Input": "7\n0 135 333 103 393 161 381 \n135 0 161 240 210 356 212 \n333 161 0 247 127 255 185 \n103 240 247 0 247 277 231 \n393 210 127 247 0 220 142 \n161 356 255 277 220 0 390 \n381 212 185 231 142 390 0 \n",
            "Output": "5006\n",
            "CorrectOutput": false,
            "FailMessage": "Output not formatted correctly"
        },
        {
            "Input": "8\n0 160 351 378 383 293 321 190 \n160 0 145 316 366 392 313 362 \n351 145 0 190 389 212 136 161 \n378 316 190 0 253 197 310 248 \n383 366 389 253 0 176 326 382 \n293 392 212 197 176 0 376 296 \n321 313 136 310 326 376 0 263 \n190 362 161 248 382 296 263 0 \n",
            "Output": "7885\n",
            "CorrectOutput": false,
            "FailMessage": "Output not formatted correctly"
        },
        {
            "Input": "4\n0 366 210 342 \n366 0 273 259 \n210 273 0 162 \n342 259 162 0 \n",
            "Output": "1612\n",
            "CorrectOutput": false,
            "FailMessage": "Output not formatted correctly"
        },
        {
            "Input": "5\n0 277 314 242 359 \n277 0 129 173 245 \n314 129 0 178 347 \n242 173 178 0 109 \n359 245 347 109 0 \n",
            "Output": "2373\n",
            "CorrectOutput": false,
            "FailMessage": "Output not formatted correctly"
        },
        {
            "Input": "4\n0 372 274 317 \n372 0 331 359 \n274 331 0 242 \n317 359 242 0 \n",
            "Output": "1895\n",
            "CorrectOutput": false,
            "FailMessage": "Output not formatted correctly"
        },
        {
            "Input": "7\n0 207 282 226 114 127 146 \n207 0 316 293 112 341 117 \n282 316 0 348 320 282 217 \n226 293 348 0 193 122 279 \n114 112 320 193 0 389 172 \n127 341 282 122 389 0 351 \n146 117 217 279 172 351 0 \n",
            "Output": "4954\n",
            "CorrectOutput": false,
            "FailMessage": "Output not formatted correctly"
        },
        {
            "Input": "6\n0 392 379 227 303 319 \n392 0 178 342 378 336 \n379 178 0 245 235 156 \n227 342 245 0 368 162 \n303 378 235 368 0 214 \n319 336 156 162 214 0 \n",
            "Output": "4234\n",
            "CorrectOutput": false,
            "FailMessage": "Output not formatted correctly"
        },
        {
            "Input": "9\n0 104 309 389 287 321 310 314 147 \n104 0 138 184 200 306 311 233 110 \n309 138 0 372 262 326 326 183 116 \n389 184 372 0 241 272 128 208 246 \n287 200 262 241 0 183 322 235 299 \n321 306 326 272 183 0 193 229 290 \n310 311 326 128 322 193 0 118 233 \n314 233 183 208 235 229 118 0 189 \n147 110 116 246 299 290 233 189 0 \n",
            "Output": "8634\n",
            "CorrectOutput": false,
            "FailMessage": "Output not formatted correctly"
        },
        {
            "Input": "7\n0 161 266 288 117 318 207 \n161 0 359 129 372 304 212 \n266 359 0 307 252 128 145 \n288 129 307 0 360 310 392 \n117 372 252 360 0 159 223 \n318 304 128 310 159 0 167 \n207 212 145 392 223 167 0 \n",
            "Output": "5176\n",
            "CorrectOutput": false,
            "FailMessage": "Output not formatted correctly"
        },
        {
            "Input": "4\n0 315 195 354 \n315 0 125 332 \n195 125 0 185 \n354 332 185 0 \n",
            "Output": "1506\n",
            "CorrectOutput": false,
            "FailMessage": "Output not formatted correctly"
        },
        {
            "Input": "4\n0 169 197 353 \n169 0 277 342 \n197 277 0 199 \n353 342 199 0 \n",
            "Output": "1537\n",
            "CorrectOutput": false,
            "FailMessage": "Output not formatted correctly"
        },
        {
            "Input": "8\n0 103 300 175 253 197 285 312 \n103 0 189 202 248 279 346 369 \n300 189 0 256 374 291 146 377 \n175 202 256 0 380 262 394 111 \n253 248 374 380 0 392 397 290 \n197 279 291 262 392 0 201 155 \n285 346 146 394 397 201 0 188 \n312 369 377 111 290 155 188 0 \n",
            "Output": "7472\n",
            "CorrectOutput": false,
            "FailMessage": "Output not formatted correctly"
        },
        {
            "Input": "8\n0 117 261 392 308 342 291 354 \n117 0 207 196 269 396 226 158 \n261 207 0 261 283 117 266 186 \n392 196 261 0 165 317 282 166 \n308 269 283 165 0 375 189 160 \n342 396 117 317 375 0 261 207 \n291 226 266 282 189 261 0 174 \n354 158 186 166 160 207 174 0 \n",
            "Output": "6926\n",
            "CorrectOutput": false,
            "FailMessage": "Output not formatted correctly"
        },
        {
            "Input": "8\n0 149 156 391 246 394 338 201 \n149 0 391 243 319 287 116 329 \n156 391 0 317 341 389 148 160 \n391 243 317 0 147 155 357 114 \n246 319 341 147 0 262 353 265 \n394 287 389 155 262 0 376 204 \n338 116 148 357 353 376 0 331 \n201 329 160 114 265 204 331 0 \n",
            "Output": "7479\n",
            "CorrectOutput": false,
            "FailMessage": "Output not formatted correctly"
        },
        {
            "Input": "9\n0 185 387 354 222 269 128 331 169 \n185 0 144 217 242 246 209 386 241 \n387 144 0 198 267 175 323 380 203 \n354 217 198 0 233 174 298 111 311 \n222 242 267 233 0 234 340 344 143 \n269 246 175 174 234 0 244 230 362 \n128 209 323 298 340 244 0 103 146 \n331 386 380 111 344 230 103 0 241 \n169 241 203 311 143 362 146 241 0 \n",
            "Output": "8790\n",
            "CorrectOutput": false,
            "FailMessage": "Output not formatted correctly"
        },
        {
            "Input": "4\n0 307 173 240 \n307 0 187 275 \n173 187 0 291 \n240 275 291 0 \n",
            "Output": "1473\n",
            "CorrectOutput": false,
            "FailMessage": "Output not formatted correctly"
        },
        {
            "Input": "9\n0 160 289 319 203 269 252 198 215 \n160 0 106 254 360 148 148 252 213 \n289 106 0 207 229 240 110 387 311 \n319 254 207 0 334 161 105 289 273 \n203 360 229 334 0 151 287 290 194 \n269 148 240 161 151 0 238 181 340 \n252 148 110 105 287 238 0 128 161 \n198 252 387 289 290 181 128 0 203 \n215 213 311 273 194 340 161 203 0 \n",
            "Output": "8205\n",
            "CorrectOutput": false,
            "FailMessage": "Output not formatted correctly"
        },
        {
            "Input": "6\n0 154 242 344 347 180 \n154 0 201 266 372 310 \n242 201 0 387 251 374 \n344 266 387 0 269 259 \n347 372 251 269 0 255 \n180 310 374 259 255 0 \n",
            "Output": "4211\n",
            "CorrectOutput": false,
            "FailMessage": "Output not formatted correctly"
        },
        {
            "Input": "9\n0 300 169 279 125 200 382 275 301 \n300 0 364 156 102 108 236 382 172 \n169 364 0 127 305 107 339 130 222 \n279 156 127 0 332 376 175 307 383 \n125 102 305 332 0 329 145 222 327 \n200 108 107 376 329 0 348 247 281 \n382 236 339 175 145 348 0 313 175 \n275 382 130 307 222 247 313 0 220 \n301 172 222 383 327 281 175 220 0 \n",
            "Output": "8961\n",
            "CorrectOutput": false,
            "FailMessage": "Output not formatted correctly"
        },
        {
            "Input": "6\n0 304 375 250 301 207 \n304 0 261 386 376 201 \n375 261 0 100 130 158 \n250 386 100 0 170 203 \n301 376 130 170 0 354 \n207 201 158 203 354 0 \n",
            "Output": "3776\n",
            "CorrectOutput": false,
            "FailMessage": "Output not formatted correctly"
        },
        {
            "Input": "7\n0 173 206 195 131 355 104 \n173 0 327 219 166 157 126 \n206 327 0 357 107 276 115 \n195 219 357 0 122 269 256 \n131 166 107 122 0 110 340 \n355 157 276 269 110 0 163 \n104 126 115 256 340 163 0 \n",
            "Output": "4274\n",
            "CorrectOutput": false,
            "FailMessage": "Output not formatted correctly"
        },
        {
            "Input": "6\n0 210 303 367 167 179 \n210 0 169 394 357 333 \n303 169 0 207 308 143 \n367 394 207 0 267 306 \n167 357 308 267 0 241 \n179 333 143 306 241 0 \n",
            "Output": "3951\n",
            "CorrectOutput": false,
            "FailMessage": "Output not formatted correctly"
        },
        {
            "Input": "6\n0 341 158 330 378 366 \n341 0 130 126 170 287 \n158 130 0 272 388 120 \n330 126 272 0 321 389 \n378 170 388 321 0 317 \n366 287 120 389 317 0 \n",
            "Output": "4093\n",
            "CorrectOutput": false,
            "FailMessage": "Output not formatted correctly"
        },
        {
            "Input": "5\n0 273 299 251 197 \n273 0 101 243 153 \n299 101 0 160 178 \n251 243 160 0 221 \n197 153 178 221 0 \n",
            "Output": "2076\n",
            "CorrectOutput": false,
            "FailMessage": "Output not formatted correctly"
        },
        {
            "Input": "9\n0 252 308 206 348 139 287 197 354 \n252 0 184 380 217 233 144 153 174 \n308 184 0 207 101 227 102 214 203 \n206 380 207 0 190 123 255 308 193 \n348 217 101 190 0 181 280 291 135 \n139 233 227 123 181 0 370 274 166 \n287 144 102 255 280 370 0 356 324 \n197 153 214 308 291 274 356 0 129 \n354 174 203 193 135 166 324 129 0 \n",
            "Output": "8205\n",
            "CorrectOutput": false,
            "FailMessage": "Output not formatted correctly"
        },
        {
            "Input": "7\n0 242 191 242 165 313 181 \n242 0 287 145 321 393 115 \n191 287 0 133 104 165 268 \n242 145 133 0 119 258 228 \n165 321 104 119 0 398 153 \n313 393 165 258 398 0 350 \n181 115 268 228 153 350 0 \n",
            "Output": "4771\n",
            "CorrectOutput": false,
            "FailMessage": "Output not formatted correctly"
        },
        {
            "Input": "7\n0 146 197 371 250 324 118 \n146 0 298 362 360 232 277 \n197 298 0 340 155 214 376 \n371 362 340 0 152 138 198 \n250 360 155 152 0 385 143 \n324 232 214 138 385 0 202 \n118 277 376 198 143 202 0 \n",
            "Output": "5238\n",
            "CorrectOutput": false,
            "FailMessage": "Output not formatted correctly"
        },
        {
            "Input": "4\n0 183 276 130 \n183 0 312 214 \n276 312 0 318 \n130 214 318 0 \n",
            "Output": "1433\n",
            "CorrectOutput": false,
            "FailMessage": "Output not formatted correctly"
        },
        {
            "Input": "9\n0 360 161 206 210 324 334 136 201 \n360 0 184 326 377 135 117 246 397 \n161 184 0 281 232 343 200 324 191 \n206 326 281 0 238 390 215 225 397 \n210 377 232 238 0 322 198 221 311 \n324 135 343 390 322 0 248 214 377 \n334 117 200 215 198 248 0 279 318 \n136 246 324 225 221 214 279 0 257 \n201 397 191 397 311 377 318 257 0 \n",
            "Output": "9495\n",
            "CorrectOutput": false,
            "FailMessage": "Output not formatted correctly"
        },
        {
            "Input": "8\n0 128 234 323 162 131 241 149 \n128 0 281 130 225 306 257 148 \n234 281 0 323 292 275 254 395 \n323 130 323 0 199 276 203 354 \n162 225 292 199 0 352 243 157 \n131 306 275 276 352 0 339 139 \n241 257 254 203 243 339 0 124 \n149 148 395 354 157 139 124 0 \n",
            "Output": "6640\n",
            "CorrectOutput": false,
            "FailMessage": "Output not formatted correctly"
        },
        {
            "Input": "4\n0 133 193 347 \n133 0 395 284 \n193 395 0 165 \n347 284 165 0 \n",
            "Output": "1517\n",
            "CorrectOutput": false,
            "FailMessage": "Output not formatted correctly"
        },
        {
            "Input": "5\n0 336 134 332 342 \n336 0 241 292 180 \n134 241 0 103 330 \n332 292 103 0 373 \n342 180 330 373 0 \n",
            "Output": "2663\n",
            "CorrectOutput": false,
            "FailMessage": "Output not formatted correctly"
        },
        {
            "Input": "5\n0 355 188 264 252 \n355 0 292 379 233 \n188 292 0 343 364 \n264 379 343 0 383 \n252 233 364 383 0 \n",
            "Output": "3053\n",
            "CorrectOutput": false,
            "FailMessage": "Output not formatted correctly"
        },
        {
            "Input": "4\n0 309 310 173 \n309 0 363 297 \n310 363 0 176 \n173 297 176 0 \n",
            "Output": "1628\n",
            "CorrectOutput": false,
            "FailMessage": "Output not formatted correctly"
        },
        {
            "Input": "9\n0 390 361 183 238 162 288 321 348 \n390 0 329 299 146 163 328 304 201 \n361 329 0 216 292 274 142 227 129 \n183 299 216 0 143 130 162 262 154 \n238 146 292 143 0 154 176 260 378 \n162 163 274 130 154 0 154 272 264 \n288 328 142 162 176 154 0 346 235 \n321 304 227 262 260 272 346 0 352 \n348 201 129 154 378 264 235 352 0 \n",
            "Output": "8783\n",
            "CorrectOutput": false,
            "FailMessage": "Output not formatted correctly"
        },
        {
            "Input": "5\n0 257 317 286 328 \n257 0 303 315 271 \n317 303 0 383 241 \n286 315 383 0 205 \n328 271 241 205 0 \n",
            "Output": "2906\n",
            "CorrectOutput": false,
            "FailMessage": "Output not formatted correctly"
        },
        {
