{
    "SucceededTests": [],
    "FailedTests": [
        {
            "Input": "4\n0 377 356 383 \n377 0 289 134 \n356 289 0 185 \n383 134 185 0 \n",
            "Output": "0 1 0 0\n0 2 0 0\n0 3 0 0\n",
            "CorrectOutput": false,
            "FailMessage": "Output not formatted correctly"
        },
        {
            "Input": "5\n0 298 386 260 352 \n298 0 322 250 389 \n386 322 0 143 137 \n260 250 143 0 383 \n352 389 137 383 0 \n",
            "Output": "0 1 0 0\n0 2 0 0\n0 3 0 0\n",
            "CorrectOutput": false,
            "FailMessage": "Output not formatted correctly"
        },
        {
            "Input": "5\n0 202 155 239 133 \n202 0 171 341 336 \n155 171 0 351 241 \n239 341 351 0 152 \n133 336 241 152 0 \n",
            "Output": "0 1 0 0\n0 2 0 0\n0 3 0 0\n",
            "CorrectOutput": false,
            "FailMessage": "Output not formatted correctly"
        },
        {
            "Input": "4\n0 229 243 100 \n229 0 258 226 \n243 258 0 120 \n100 226 120 0 \n",
            "Output": "0 1 0 0\n0 2 0 0\n0 3 0 0\n",
            "CorrectOutput": false,
            "FailMessage": "Output not formatted correctly"
        },
        {
            "Input": "4\n0 334 286 128 \n334 0 230 364 \n286 230 0 214 \n128 364 214 0 \n",
            "Output": "0 1 0 0\n0 2 0 0\n0 3 0 0\n",
            "CorrectOutput": false,
            "FailMessage": "Output not formatted correctly"
        },
        {
            "Input": "6\n0 142 300 221 104 214 \n142 0 277 250 396 363 \n300 277 0 239 220 383 \n221 250 239 0 219 173 \n104 396 220 219 0 222 \n214 363 383 173 222 0 \n",
            "Output": "0 1 0 0\n0 2 0 0\n0 3 0 0\n",
            "CorrectOutput": false,
            "FailMessage": "Output not formatted correctly"
        },
        {
            "Input": "6\n0 241 182 349 262 302 \n241 0 344 169 146 386 \n182 344 0 289 274 114 \n349 169 289 0 105 212 \n262 146 274 105 0 247 \n302 386 114 212 247 0 \n",
            "Output": "0 1 0 0\n0 2 0 0\n0 3 0 0\n",
            "CorrectOutput": false,
            "FailMessage": "Output not formatted correctly"
        },
        {
            "Input": "6\n0 255 190 286 341 151 \n255 0 115 238 343 371 \n190 115 0 362 240 319 \n286 238 362 0 283 213 \n341 343 240 283 0 152 \n151 371 319 213 152 0 \n",
            "Output": "0 1 0 0\n0 2 0 0\n0 3 0 0\n",
            "CorrectOutput": false,
            "FailMessage": "Output not formatted correctly"
        },
        {
            "Input": "5\n0 361 181 142 105 \n361 0 358 274 327 \n181 358 0 397 189 \n142 274 397 0 209 \n105 327 189 209 0 \n",
            "Output": "0 1 0 0\n0 2 0 0\n0 3 0 0\n",
            "CorrectOutput": false,
            "FailMessage": "Output not formatted correctly"
        },
        {
            "Input": "8\n0 203 333 255 156 324 220 393 \n203 0 259 219 381 357 390 195 \n333 259 0 151 347 398 352 317 \n255 219 151 0 392 305 302 152 \n156 381 347 392 0 243 193 300 \n324 357 398 305 243 0 304 300 \n220 390 352 302 193 304 0 154 \n393 195 317 152 300 300 154 0 \n",
            "Output": "0 1 0 0\n0 2 0 0\n0 3 0 0\n",
            "CorrectOutput": false,
            "FailMessage": "Output not formatted correctly"
        },
        {
            "Input": "4\n0 128 208 121 \n128 0 126 126 \n208 126 0 138 \n121 126 138 0 \n",
            "Output": "0 1 0 0\n0 2 0 0\n0 3 0 0\n",
            "CorrectOutput": false,
            "FailMessage": "Output not formatted correctly"
        },
        {
            "Input": "4\n0 267 240 223 \n267 0 201 119 \n240 201 0 170 \n223 119 170 0 \n",
            "Output": "0 1 0 0\n0 2 0 0\n0 3 0 0\n",
            "CorrectOutput": false,
            "FailMessage": "Output not formatted correctly"
        },
        {
            "Input": "8\n0 358 194 319 184 164 368 117 \n358 0 133 165 342 216 133 391 \n194 133 0 226 247 271 228 225 \n319 165 226 0 254 387 188 356 \n184 342 247 254 0 111 372 198 \n164 216 271 387 111 0 314 239 \n368 133 228 188 372 314 0 264 \n117 391 225 356 198 239 264 0 \n",
            "Output": "0 1 0 0\n0 2 0 0\n0 3 0 0\n",
            "CorrectOutput": false,
            "FailMessage": "Output not formatted correctly"
        },
        {
            "Input": "6\n0 316 246 101 218 343 \n316 0 236 207 270 239 \n246 236 0 334 147 290 \n101 207 334 0 222 136 \n218 270 147 222 0 213 \n343 239 290 136 213 0 \n",
            "Output": "0 1 0 0\n0 2 0 0\n0 3 0 0\n",
            "CorrectOutput": false,
            "FailMessage": "Output not formatted correctly"
        },
        {
            "Input": "7\n0 366 154 289 330 121 336 \n366 0 331 197 139 304 191 \n154 331 0 308 101 336 372 \n289 197 308 0 169 120 181 \n330 139 101 169 0 321 121 \n121 304 336 120 321 0 168 \n336 191 372 181 121 168 0 \n",
            "Output": "0 1 0 0\n0 2 0 0\n0 3 0 0\n",
            "CorrectOutput": false,
            "FailMessage": "Output not formatted correctly"
        },
        {
            "Input": "7\n0 138 128 296 323 199 306 \n138 0 127 190 230 377 225 \n128 127 0 183 102 175 246 \n296 190 183 0 396 146 279 \n323 230 102 396 0 395 215 \n199 377 175 146 395 0 383 \n306 225 246 279 215 383 0 \n",
            "Output": "0 1 0 0\n0 2 0 0\n0 3 0 0\n",
            "CorrectOutput": false,
            "FailMessage": "Output not formatted correctly"
        },
        {
            "Input": "7\n0 373 299 272 232 245 295 \n373 0 260 251 180 336 112 \n299 260 0 304 146 312 322 \n272 251 304 0 107 373 143 \n232 180 146 107 0 399 382 \n245 336 312 373 399 0 180 \n295 112 322 143 382 180 0 \n",
            "Output": "0 1 0 0\n0 2 0 0\n0 3 0 0\n",
            "CorrectOutput": false,
            "FailMessage": "Output not formatted correctly"
        },
        {
            "Input": "7\n0 112 292 227 326 252 159 \n112 0 396 234 381 324 271 \n292 396 0 136 119 128 220 \n227 234 136 0 384 294 181 \n326 381 119 384 0 224 306 \n252 324 128 294 224 0 364 \n159 271 220 181 306 364 0 \n",
            "Output": "0 1 0 0\n0 2 0 0\n0 3 0 0\n",
            "CorrectOutput": false,
            "FailMessage": "Output not formatted correctly"
        },
        {
            "Input": "5\n0 395 249 132 230 \n395 0 343 226 369 \n249 343 0 358 286 \n132 226 358 0 295 \n230 369 286 295 0 \n",
            "Output": "0 1 0 0\n0 2 0 0\n0 3 0 0\n",
            "CorrectOutput": false,
            "FailMessage": "Output not formatted correctly"
        },
        {
            "Input": "5\n0 284 274 201 178 \n284 0 266 313 136 \n274 266 0 106 341 \n201 313 106 0 248 \n178 136 341 248 0 \n",
            "Output": "0 1 0 0\n0 2 0 0\n0 3 0 0\n",
            "CorrectOutput": false,
            "FailMessage": "Output not formatted correctly"
        },
        {
            "Input": "4\n0 155 152 351 \n155 0 144 334 \n152 144 0 176 \n351 334 176 0 \n",
            "Output": "0 1 0 0\n0 2 0 0\n0 3 0 0\n",
            "CorrectOutput": false,
            "FailMessage": "Output not formatted correctly"
        },
        {
            "Input": "7\n0 330 387 361 244 391 168 \n330 0 269 227 203 126 127 \n387 269 0 329 187 140 397 \n361 227 329 0 136 357 381 \n244 203 187 136 0 212 224 \n391 126 140 357 212 0 247 \n168 127 397 381 224 247 0 \n",
            "Output": "0 1 0 0\n0 2 0 0\n0 3 0 0\n",
            "CorrectOutput": false,
            "FailMessage": "Output not formatted correctly"
        },
        {
            "Input": "5\n0 314 225 197 104 \n314 0 206 216 300 \n225 206 0 169 204 \n197 216 169 0 261 \n104 300 204 261 0 \n",
            "Output": "0 1 0 0\n0 2 0 0\n0 3 0 0\n",
            "CorrectOutput": false,
            "FailMessage": "Output not formatted correctly"
        },
        {
            "Input": "6\n0 169 341 376 290 144 \n169 0 290 331 397 119 \n341 290 0 179 230 138 \n376 331 179 0 149 389 \n290 397 230 149 0 332 \n144 119 138 389 332 0 \n",
            "Output": "0 1 0 0\n0 2 0 0\n0 3 0 0\n",
            "CorrectOutput": false,
            "FailMessage": "Output not formatted correctly"
        },
        {
            "Input": "5\n0 344 141 147 272 \n344 0 254 129 333 \n141 254 0 123 182 \n147 129 123 0 187 \n272 333 182 187 0 \n",
            "Output": "0 1 0 0\n0 2 0 0\n0 3 0 0\n",
            "CorrectOutput": false,
            "FailMessage": "Output not formatted correctly"
        },
        {
            "Input": "5\n0 294 285 214 102 \n294 0 184 122 261 \n285 184 0 368 115 \n214 122 368 0 314 \n102 261 115 314 0 \n",
            "Output": "0 1 0 0\n0 2 0 0\n0 3 0 0\n",
            "CorrectOutput": false,
            "FailMessage": "Output not formatted correctly"
        },
        {
            "Input": "8\n0 244 364 395 280 214 192 173 \n244 0 174 355 164 218 234 329 \n364 174 0 188 125 376 323 385 \n395 355 188 0 359 322 246 314 \n280 164 125 359 0 331 222 231 \n214 218 376 322 331 0 139 264 \n192 234 323 246 222 139 0 113 \n173 329 385 314 231 264 113 0 \n",
            "Output": "0 1 0 0\n0 2 0 0\n0 3 0 0\n",
            "CorrectOutput": false,
            "FailMessage": "Output not formatted correctly"
        },
        {
            "Input": "8\n0 179 192 329 249 226 291 310 \n179 0 294 311 188 394 180 220 \n192 294 0 242 269 164 199 254 \n329 311 242 0 165 109 350 309 \n249 188 269 165 0 396 176 317 \n226 394 164 109 396 0 380 122 \n291 180 199 350 176 380 0 317 \n310 220 254 309 317 122 317 0 \n",
            "Output": "0 1 0 0\n0 2 0 0\n0 3 0 0\n",
            "CorrectOutput": false,
            "FailMessage": "Output not formatted correctly"
        },
        {
            "Input": "4\n0 342 226 266 \n342 0 109 364 \n226 109 0 371 \n266 364 371 0 \n",
            "Output": "0 1 0 0\n0 2 0 0\n0 3 0 0\n",
            "CorrectOutput": false,
            "FailMessage": "Output not formatted correctly"
        },
        {
            "Input": "4\n0 293 168 118 \n293 0 141 301 \n168 141 0 111 \n118 301 111 0 \n",
            "Output": "0 1 0 0\n0 2 0 0\n0 3 0 0\n",
            "CorrectOutput": false,
            "FailMessage": "Output not formatted correctly"
        },
        {
            "Input": "9\n0 345 252 291 249 313 107 319 118 \n345 0 237 108 221 396 205 205 262 \n252 237 0 205 232 347 305 351 266 \n291 108 205 0 102 191 102 396 261 \n249 221 232 102 0 352 313 162 226 \n313 396 347 191 352 0 381 299 275 \n107 205 305 102 313 381 0 354 185 \n319 205 351 396 162 299 354 0 200 \n118 262 266 261 226 275 185 200 0 \n",
            "Output": "0 1 0 0\n0 2 0 0\n0 3 0 0\n",
            "CorrectOutput": false,
            "FailMessage": "Output not formatted correctly"
        },
        {
            "Input": "6\n0 112 360 297 161 174 \n112 0 295 276 198 158 \n360 295 0 150 378 220 \n297 276 150 0 199 173 \n161 198 378 199 0 239 \n174 158 220 173 239 0 \n",
            "Output": "0 1 0 0\n0 2 0 0\n0 3 0 0\n",
            "CorrectOutput": false,
            "FailMessage": "Output not formatted correctly"
        },
        {
            "Input": "7\n0 213 169 266 235 362 369 \n213 0 146 285 312 280 255 \n169 146 0 287 270 161 266 \n266 285 287 0 367 166 107 \n235 312 270 367 0 361 235 \n362 280 161 166 361 0 298 \n369 255 266 107 235 298 0 \n",
            "Output": "0 1 0 0\n0 2 0 0\n0 3 0 0\n",
            "CorrectOutput": false,
            "FailMessage": "Output not formatted correctly"
        },
        {
            "Input": "6\n0 304 335 319 222 193 \n304 0 278 228 322 348 \n335 278 0 342 335 218 \n319 228 342 0 379 144 \n222 322 335 379 0 179 \n193 348 218 144 179 0 \n",
            "Output": "0 1 0 0\n0 2 0 0\n0 3 0 0\n",
            "CorrectOutput": false,
            "FailMessage": "Output not formatted correctly"
        },
        {
            "Input": "7\n0 355 130 337 346 353 316 \n355 0 262 335 110 300 155 \n130 262 0 390 177 388 127 \n337 335 390 0 241 314 147 \n346 110 177 241 0 197 104 \n353 300 388 314 197 0 265 \n316 155 127 147 104 265 0 \n",
            "Output": "0 1 0 0\n0 2 0 0\n0 3 0 0\n",
            "CorrectOutput": false,
            "FailMessage": "Output not formatted correctly"
        },
        {
            "Input": "7\n0 364 316 347 134 103 392 \n364 0 141 396 109 240 384 \n316 141 0 231 255 385 111 \n347 396 231 0 283 354 188 \n134 109 255 283 0 153 221 \n103 240 385 354 153 0 189 \n392 384 111 188 221 189 0 \n",
            "Output": "0 1 0 0\n0 2 0 0\n0 3 0 0\n",
            "CorrectOutput": false,
            "FailMessage": "Output not formatted correctly"
        },
        {
            "Input": "9\n0 368 219 102 138 395 165 306 286 \n368 0 164 366 259 302 378 237 294 \n219 164 0 351 360 295 323 282 393 \n102 366 351 0 171 156 368 324 309 \n138 259 360 171 0 145 342 278 324 \n395 302 295 156 145 0 253 326 335 \n165 378 323 368 342 253 0 195 225 \n306 237 282 324 278 326 195 0 276 \n286 294 393 309 324 335 225 276 0 \n",
            "Output": "0 1 0 0\n0 2 0 0\n0 3 0 0\n",
            "CorrectOutput": false,
            "FailMessage": "Output not formatted correctly"
        },
        {
            "Input": "5\n0 244 344 273 250 \n244 0 170 374 119 \n344 170 0 227 244 \n273 374 227 0 365 \n250 119 244 365 0 \n",
            "Output": "0 1 0 0\n0 2 0 0\n0 3 0 0\n",
            "CorrectOutput": false,
            "FailMessage": "Output not formatted correctly"
        },
        {
            "Input": "9\n0 232 281 306 241 249 221 124 169 \n232 0 238 174 363 109 353 349 151 \n281 238 0 317 222 269 275 368 306 \n306 174 317 0 186 242 180 161 219 \n241 363 222 186 0 383 299 229 146 \n249 109 269 242 383 0 307 146 368 \n221 353 275 180 299 307 0 173 167 \n124 349 368 161 229 146 173 0 315 \n169 151 306 219 146 368 167 315 0 \n",
            "Output": "0 1 0 0\n0 2 0 0\n0 3 0 0\n",
            "CorrectOutput": false,
            "FailMessage": "Output not formatted correctly"
        },
        {
            "Input": "7\n0 384 349 206 358 180 102 \n384 0 128 276 353 197 195 \n349 128 0 339 354 182 263 \n206 276 339 0 349 303 274 \n358 353 354 349 0 394 240 \n180 197 182 303 394 0 255 \n102 195 263 274 240 255 0 \n",
            "Output": "0 1 0 0\n0 2 0 0\n0 3 0 0\n",
            "CorrectOutput": false,
            "FailMessage": "Output not formatted correctly"
        },
        {
            "Input": "9\n0 157 177 392 340 126 104 152 139 \n157 0 314 144 156 308 133 184 377 \n177 314 0 107 104 165 189 296 189 \n392 144 107 0 201 299 380 350 199 \n340 156 104 201 0 195 319 298 154 \n126 308 165 299 195 0 312 209 357 \n104 133 189 380 319 312 0 370 324 \n152 184 296 350 298 209 370 0 365 \n139 377 189 199 154 357 324 365 0 \n",
            "Output": "0 1 0 0\n0 2 0 0\n0 3 0 0\n",
            "CorrectOutput": false,
            "FailMessage": "Output not formatted correctly"
        },
        {
            "Input": "6\n0 168 166 240 210 305 \n168 0 376 122 212 219 \n166 376 0 121 340 101 \n240 122 121 0 116 144 \n210 212 340 116 0 259 \n305 219 101 144 259 0 \n",
            "Output": "0 1 0 0\n0 2 0 0\n0 3 0 0\n",
            "CorrectOutput": false,
            "FailMessage": "Output not formatted correctly"
        },
        {
            "Input": "8\n0 220 355 383 338 245 250 230 \n220 0 130 287 117 243 364 317 \n355 130 0 211 145 320 278 386 \n383 287 211 0 322 296 184 123 \n338 117 145 322 0 314 255 135 \n245 243 320 296 314 0 162 140 \n250 364 278 184 255 162 0 167 \n230 317 386 123 135 140 167 0 \n",
            "Output": "0 1 0 0\n0 2 0 0\n0 3 0 0\n",
            "CorrectOutput": false,
            "FailMessage": "Output not formatted correctly"
        },
        {
            "Input": "9\n0 122 176 317 182 349 397 248 289 \n122 0 373 329 182 273 119 185 362 \n176 373 0 150 167 336 237 338 269 \n317 329 150 0 229 300 309 279 142 \n182 182 167 229 0 244 369 235 280 \n349 273 336 300 244 0 323 329 203 \n397 119 237 309 369 323 0 342 279 \n248 185 338 279 235 329 342 0 197 \n289 362 269 142 280 203 279 197 0 \n",
            "Output": "0 1 0 0\n0 2 0 0\n0 3 0 0\n",
            "CorrectOutput": false,
            "FailMessage": "Output not formatted correctly"
        },
        {
            "Input": "8\n0 150 135 200 226 162 220 278 \n150 0 346 346 158 209 217 202 \n135 346 0 331 148 123 163 280 \n200 346 331 0 289 288 127 137 \n226 158 148 289 0 355 331 300 \n162 209 123 288 355 0 357 271 \n220 217 163 127 331 357 0 353 \n278 202 280 137 300 271 353 0 \n",
            "Output": "0 1 0 0\n0 2 0 0\n0 3 0 0\n",
            "CorrectOutput": false,
            "FailMessage": "Output not formatted correctly"
        },
        {
            "Input": "4\n0 147 100 170 \n147 0 102 342 \n100 102 0 388 \n170 342 388 0 \n",
            "Output": "0 1 0 0\n0 2 0 0\n0 3 0 0\n",
            "CorrectOutput": false,
            "FailMessage": "Output not formatted correctly"
        },
        {
            "Input": "8\n0 190 298 215 237 329 172 122 \n190 0 215 104 344 132 285 364 \n298 215 0 179 395 203 209 308 \n215 104 179 0 287 279 216 316 \n237 344 395 287 0 229 231 289 \n329 132 203 279 229 0 387 328 \n172 285 209 216 231 387 0 334 \n122 364 308 316 289 328 334 0 \n",
            "Output": "0 1 0 0\n0 2 0 0\n0 3 0 0\n",
            "CorrectOutput": false,
            "FailMessage": "Output not formatted correctly"
        },
        {
            "Input": "7\n0 381 185 277 325 229 347 \n381 0 239 266 213 244 281 \n185 239 0 339 233 115 323 \n277 266 339 0 310 146 130 \n325 213 233 310 0 123 296 \n229 244 115 146 123 0 280 \n347 281 323 130 296 280 0 \n",
            "Output": "0 1 0 0\n0 2 0 0\n0 3 0 0\n",
            "CorrectOutput": false,
            "FailMessage": "Output not formatted correctly"
        },
        {
            "Input": "5\n0 230 322 232 325 \n230 0 350 201 310 \n322 350 0 201 131 \n232 201 201 0 357 \n325 310 131 357 0 \n",
            "Output": "0 1 0 0\n0 2 0 0\n0 3 0 0\n",
            "CorrectOutput": false,
            "FailMessage": "Output not formatted correctly"
        },
        {
            "Input": "9\n0 228 160 213 367 272 208 150 386 \n228 0 205 366 169 212 297 289 304 \n160 205 0 348 126 115 290 240 347 \n213 366 348 0 207 127 200 246 367 \n367 169 126 207 0 280 395 210 292 \n272 212 115 127 280 0 111 155 264 \n208 297 290 200 395 111 0 118 369 \n150 289 240 246 210 155 118 0 369 \n386 304 347 367 292 264 369 369 0 \n",
            "Output": "0 1 0 0\n0 2 0 0\n0 3 0 0\n",
            "CorrectOutput": false,
            "FailMessage": "Output not formatted correctly"
        },
        {
            "Input": "4\n0 372 350 337 \n372 0 226 141 \n350 226 0 312 \n337 141 312 0 \n",
            "Output": "0 1 0 0\n0 2 0 0\n0 3 0 0\n",
            "CorrectOutput": false,
            "FailMessage": "Output not formatted correctly"
        },
        {
            "Input": "9\n0 310 187 176 134 200 325 221 121 \n310 0 262 312 371 189 382 395 194 \n187 262 0 226 272 132 362 321 304 \n176 312 226 0 114 252 226 324 291 \n134 371 272 114 0 203 219 143 393 \n200 189 132 252 203 0 222 359 344 \n325 382 362 226 219 222 0 280 305 \n221 395 321 324 143 359 280 0 324 \n121 194 304 291 393 344 305 324 0 \n",
            "Output": "0 1 0 0\n0 2 0 0\n0 3 0 0\n",
            "CorrectOutput": false,
            "FailMessage": "Output not formatted correctly"
        },
        {
            "Input": "6\n0 378 365 247 388 210 \n378 0 218 349 194 148 \n365 218 0 182 322 170 \n247 349 182 0 149 198 \n388 194 322 149 0 264 \n210 148 170 198 264 0 \n",
            "Output": "0 1 0 0\n0 2 0 0\n0 3 0 0\n",
            "CorrectOutput": false,
            "FailMessage": "Output not formatted correctly"
        },
        {
            "Input": "7\n0 105 298 190 269 273 354 \n105 0 240 378 176 169 252 \n298 240 0 358 191 334 142 \n190 378 358 0 327 254 187 \n269 176 191 327 0 177 186 \n273 169 334 254 177 0 316 \n354 252 142 187 186 316 0 \n",
            "Output": "0 1 0 0\n0 2 0 0\n0 3 0 0\n",
            "CorrectOutput": false,
            "FailMessage": "Output not formatted correctly"
        },
        {
            "Input": "8\n0 112 206 398 118 227 226 149 \n112 0 273 246 379 197 277 337 \n206 273 0 292 299 321 170 125 \n398 246 292 0 136 202 128 121 \n118 379 299 136 0 387 396 263 \n227 197 321 202 387 0 172 261 \n226 277 170 128 396 172 0 101 \n149 337 125 121 263 261 101 0 \n",
            "Output": "0 1 0 0\n0 2 0 0\n0 3 0 0\n",
            "CorrectOutput": false,
            "FailMessage": "Output not formatted correctly"
        },
        {
            "Input": "6\n0 173 181 159 330 165 \n173 0 154 333 166 305 \n181 154 0 343 365 213 \n159 333 343 0 101 186 \n330 166 365 101 0 374 \n165 305 213 186 374 0 \n",
            "Output": "0 1 0 0\n0 2 0 0\n0 3 0 0\n",
            "CorrectOutput": false,
            "FailMessage": "Output not formatted correctly"
        },
        {
            "Input": "9\n0 112 373 299 146 246 106 379 214 \n112 0 385 265 388 318 384 240 343 \n373 385 0 216 326 112 178 353 261 \n299 265 216 0 183 333 144 254 124 \n146 388 326 183 0 355 213 319 349 \n246 318 112 333 355 0 182 191 129 \n106 384 178 144 213 182 0 245 365 \n379 240 353 254 319 191 245 0 261 \n214 343 261 124 349 129 365 261 0 \n",
            "Output": "0 1 0 0\n0 2 0 0\n0 3 0 0\n",
            "CorrectOutput": false,
            "FailMessage": "Output not formatted correctly"
        },
        {
            "Input": "6\n0 261 264 314 295 158 \n261 0 395 295 275 372 \n264 395 0 121 339 331 \n314 295 121 0 208 125 \n295 275 339 208 0 384 \n158 372 331 125 384 0 \n",
            "Output": "0 1 0 0\n0 2 0 0\n0 3 0 0\n",
            "CorrectOutput": false,
            "FailMessage": "Output not formatted correctly"
        },
        {
            "Input": "9\n0 150 103 110 238 311 342 216 147 \n150 0 193 277 271 381 224 153 233 \n103 193 0 393 355 114 310 369 134 \n110 277 393 0 338 339 221 148 281 \n238 271 355 338 0 116 395 134 281 \n311 381 114 339 116 0 311 247 149 \n342 224 310 221 395 311 0 169 306 \n216 153 369 148 134 247 169 0 308 \n147 233 134 281 281 149 306 308 0 \n",
            "Output": "0 1 0 0\n0 2 0 0\n0 3 0 0\n",
            "CorrectOutput": false,
            "FailMessage": "Output not formatted correctly"
        },
        {
            "Input": "7\n0 355 375 302 378 314 147 \n355 0 354 237 324 191 247 \n375 354 0 317 161 395 254 \n302 237 317 0 393 206 151 \n378 324 161 393 0 143 240 \n314 191 395 206 143 0 200 \n147 247 254 151 240 200 0 \n",
            "Output": "0 1 0 0\n0 2 0 0\n0 3 0 0\n",
            "CorrectOutput": false,
            "FailMessage": "Output not formatted correctly"
        },
        {
            "Input": "7\n0 149 175 227 323 267 387 \n149 0 226 187 114 175 307 \n175 226 0 363 110 163 131 \n227 187 363 0 347 183 122 \n323 114 110 347 0 192 160 \n267 175 163 183 192 0 165 \n387 307 131 122 160 165 0 \n",
            "Output": "0 1 0 0\n0 2 0 0\n0 3 0 0\n",
            "CorrectOutput": false,
            "FailMessage": "Output not formatted correctly"
        },
        {
            "Input": "4\n0 297 272 261 \n297 0 330 233 \n272 330 0 112 \n261 233 112 0 \n",
            "Output": "0 1 0 0\n0 2 0 0\n0 3 0 0\n",
            "CorrectOutput": false,
            "FailMessage": "Output not formatted correctly"
        },
        {
            "Input": "8\n0 259 230 256 152 249 344 153 \n259 0 290 203 373 320 353 200 \n230 290 0 375 236 246 169 275 \n256 203 375 0 379 157 359 173 \n152 373 236 379 0 334 153 327 \n249 320 246 157 334 0 185 136 \n344 353 169 359 153 185 0 275 \n153 200 275 173 327 136 275 0 \n",
            "Output": "0 1 0 0\n0 2 0 0\n0 3 0 0\n",
            "CorrectOutput": false,
            "FailMessage": "Output not formatted correctly"
        },
        {
            "Input": "6\n0 309 199 366 352 380 \n309 0 134 151 337 227 \n199 134 0 229 141 152 \n366 151 229 0 175 256 \n352 337 141 175 0 168 \n380 227 152 256 168 0 \n",
            "Output": "0 1 0 0\n0 2 0 0\n0 3 0 0\n",
            "CorrectOutput": false,
            "FailMessage": "Output not formatted correctly"
        },
        {
            "Input": "5\n0 264 140 158 261 \n264 0 338 258 394 \n140 338 0 214 174 \n158 258 214 0 193 \n261 394 174 193 0 \n",
            "Output": "0 1 0 0\n0 2 0 0\n0 3 0 0\n",
            "CorrectOutput": false,
            "FailMessage": "Output not formatted correctly"
        },
        {
            "Input": "4\n0 364 157 118 \n364 0 150 365 \n157 150 0 399 \n118 365 399 0 \n",
            "Output": "0 1 0 0\n0 2 0 0\n0 3 0 0\n",
            "CorrectOutput": false,
            "FailMessage": "Output not formatted correctly"
        },
        {
            "Input": "8\n0 217 338 185 216 203 279 212 \n217 0 318 249 397 265 395 384 \n338 318 0 267 380 132 191 256 \n185 249 267 0 335 246 274 324 \n216 397 380 335 0 120 368 220 \n203 265 132 246 120 0 366 168 \n279 395 191 274 368 366 0 300 \n212 384 256 324 220 168 300 0 \n",
            "Output": "0 1 0 0\n0 2 0 0\n0 3 0 0\n",
            "CorrectOutput": false,
            "FailMessage": "Output not formatted correctly"
        },
        {
            "Input": "5\n0 325 284 143 163 \n325 0 349 301 101 \n284 349 0 339 161 \n143 301 339 0 269 \n163 101 161 269 0 \n",
            "Output": "0 1 0 0\n0 2 0 0\n0 3 0 0\n",
            "CorrectOutput": false,
            "FailMessage": "Output not formatted correctly"
        },
        {
            "Input": "5\n0 336 334 375 197 \n336 0 246 286 308 \n334 246 0 315 356 \n375 286 315 0 308 \n197 308 356 308 0 \n",
            "Output": "0 1 0 0\n0 2 0 0\n0 3 0 0\n",
            "CorrectOutput": false,
            "FailMessage": "Output not formatted correctly"
        },
        {
            "Input": "5\n0 111 306 287 204 \n111 0 287 240 279 \n306 287 0 371 128 \n287 240 371 0 282 \n204 279 128 282 0 \n",
            "Output": "0 1 0 0\n0 2 0 0\n0 3 0 0\n",
            "CorrectOutput": false,
            "FailMessage": "Output not formatted correctly"
        },
        {
            "Input": "7\n0 160 239 105 370 290 245 \n160 0 208 364 335 360 240 \n239 208 0 385 214 384 365 \n105 364 385 0 113 340 160 \n370 335 214 113 0 209 199 \n290 360 384 340 209 0 371 \n245 240 365 160 199 371 0 \n",
            "Output": "0 1 0 0\n0 2 0 0\n0 3 0 0\n",
            "CorrectOutput": false,
            "FailMessage": "Output not formatted correctly"
        },
        {
            "Input": "4\n0 357 332 177 \n357 0 181 377 \n332 181 0 380 \n177 377 380 0 \n",
            "Output": "0 1 0 0\n0 2 0 0\n0 3 0 0\n",
            "CorrectOutput": false,
            "FailMessage": "Output not formatted correctly"
        },
        {
            "Input": "6\n0 128 209 277 310 393 \n128 0 283 169 333 117 \n209 283 0 165 239 191 \n277 169 165 0 222 170 \n310 333 239 222 0 340 \n393 117 191 170 340 0 \n",
            "Output": "0 1 0 0\n0 2 0 0\n0 3 0 0\n",
            "CorrectOutput": false,
            "FailMessage": "Output not formatted correctly"
        },
        {
            "Input": "5\n0 316 278 201 301 \n316 0 354 305 118 \n278 354 0 162 267 \n201 305 162 0 353 \n301 118 267 353 0 \n",
            "Output": "0 1 0 0\n0 2 0 0\n0 3 0 0\n",
            "CorrectOutput": false,
            "FailMessage": "Output not formatted correctly"
        },
        {
            "Input": "4\n0 207 330 232 \n207 0 337 235 \n330 337 0 182 \n232 235 182 0 \n",
            "Output": "0 1 0 0\n0 2 0 0\n0 3 0 0\n",
            "CorrectOutput": false,
            "FailMessage": "Output not formatted correctly"
        },
        {
            "Input": "6\n0 325 104 363 149 218 \n325 0 286 340 144 362 \n104 286 0 181 221 228 \n363 340 181 0 207 328 \n149 144 221 207 0 129 \n218 362 228 328 129 0 \n",
            "Output": "0 1 0 0\n0 2 0 0\n0 3 0 0\n",
            "CorrectOutput": false,
            "FailMessage": "Output not formatted correctly"
        },
        {
            "Input": "9\n0 105 103 119 274 206 156 231 110 \n105 0 156 131 209 125 249 349 288 \n103 156 0 171 193 385 251 151 139 \n119 131 171 0 325 149 293 335 344 \n274 209 193 325 0 280 201 140 136 \n206 125 385 149 280 0 297 102 320 \n156 249 251 293 201 297 0 380 135 \n231 349 151 335 140 102 380 0 194 \n110 288 139 344 136 320 135 194 0 \n",
            "Output": "0 1 0 0\n0 2 0 0\n0 3 0 0\n",
            "CorrectOutput": false,
            "FailMessage": "Output not formatted correctly"
        },
        {
            "Input": "9\n0 339 269 170 318 384 310 208 229 \n339 0 234 128 124 146 221 160 263 \n269 234 0 317 268 374 365 224 324 \n170 128 317 0 245 315 112 386 374 \n318 124 268 245 0 343 337 364 345 \n384 146 374 315 343 0 269 399 397 \n310 221 365 112 337 269 0 105 290 \n208 160 224 386 364 399 105 0 384 \n229 263 324 374 345 397 290 384 0 \n",
            "Output": "0 1 0 0\n0 2 0 0\n0 3 0 0\n",
            "CorrectOutput": false,
            "FailMessage": "Output not formatted correctly"
        },
        {
            "Input": "8\n0 232 214 320 137 168 248 389 \n232 0 339 240 171 354 179 294 \n214 339 0 395 313 276 321 234 \n320 240 395 0 256 170 170 379 \n137 171 313 256 0 223 111 327 \n168 354 276 170 223 0 285 107 \n248 179 321 170 111 285 0 307 \n389 294 234 379 327 107 307 0 \n",
            "Output": "0 1 0 0\n0 2 0 0\n0 3 0 0\n",
            "CorrectOutput": false,
            "FailMessage": "Output not formatted correctly"
        },
        {
            "Input": "4\n0 210 290 211 \n210 0 131 271 \n290 131 0 186 \n211 271 186 0 \n",
            "Output": "0 1 0 0\n0 2 0 0\n0 3 0 0\n",
            "CorrectOutput": false,
            "FailMessage": "Output not formatted correctly"
        },
        {
            "Input": "7\n0 232 156 189 188 399 126 \n232 0 345 181 225 101 256 \n156 345 0 303 191 161 184 \n189 181 303 0 337 102 370 \n188 225 191 337 0 327 389 \n399 101 161 102 327 0 399 \n126 256 184 370 389 399 0 \n",
            "Output": "0 1 0 0\n0 2 0 0\n0 3 0 0\n",
            "CorrectOutput": false,
            "FailMessage": "Output not formatted correctly"
        },
        {
            "Input": "9\n0 296 204 361 197 223 299 385 362 \n296 0 101 204 274 185 395 277 179 \n204 101 0 311 225 270 117 276 337 \n361 204 311 0 198 291 129 187 237 \n197 274 225 198 0 283 231 324 348 \n223 185 270 291 283 0 173 194 238 \n299 395 117 129 231 173 0 138 376 \n385 277 276 187 324 194 138 0 140 \n362 179 337 237 348 238 376 140 0 \n",
            "Output": "0 1 0 0\n0 2 0 0\n0 3 0 0\n",
            "CorrectOutput": false,
            "FailMessage": "Output not formatted correctly"
        },
        {
            "Input": "8\n0 288 144 160 252 120 363 388 \n288 0 220 330 329 165 283 373 \n144 220 0 110 342 287 351 333 \n160 330 110 0 252 271 259 213 \n252 329 342 252 0 369 143 274 \n120 165 287 271 369 0 292 218 \n363 283 351 259 143 292 0 326 \n388 373 333 213 274 218 326 0 \n",
            "Output": "0 1 0 0\n0 2 0 0\n0 3 0 0\n",
            "CorrectOutput": false,
            "FailMessage": "Output not formatted correctly"
        },
        {
            "Input": "4\n0 109 163 310 \n109 0 268 271 \n163 268 0 142 \n310 271 142 0 \n",
            "Output": "0 1 0 0\n0 2 0 0\n0 3 0 0\n",
            "CorrectOutput": false,
            "FailMessage": "Output not formatted correctly"
        },
        {
            "Input": "6\n0 171 202 376 197 290 \n171 0 141 178 184 382 \n202 141 0 375 396 285 \n376 178 375 0 368 143 \n197 184 396 368 0 207 \n290 382 285 143 207 0 \n",
            "Output": "0 1 0 0\n0 2 0 0\n0 3 0 0\n",
            "CorrectOutput": false,
            "FailMessage": "Output not formatted correctly"
        },
        {
            "Input": "4\n0 220 153 348 \n220 0 151 157 \n153 151 0 126 \n348 157 126 0 \n",
            "Output": "0 1 0 0\n0 2 0 0\n0 3 0 0\n",
            "CorrectOutput": false,
            "FailMessage": "Output not formatted correctly"
        },
        {
            "Input": "7\n0 363 218 299 147 123 108 \n363 0 140 311 153 326 281 \n218 140 0 213 265 116 143 \n299 311 213 0 257 159 100 \n147 153 265 257 0 267 313 \n123 326 116 159 267 0 252 \n108 281 143 100 313 252 0 \n",
            "Output": "0 1 0 0\n0 2 0 0\n0 3 0 0\n",
            "CorrectOutput": false,
            "FailMessage": "Output not formatted correctly"
        },
        {
            "Input": "6\n0 245 168 101 245 223 \n245 0 237 379 218 261 \n168 237 0 227 105 356 \n101 379 227 0 115 258 \n245 218 105 115 0 347 \n223 261 356 258 347 0 \n",
            "Output": "0 1 0 0\n0 2 0 0\n0 3 0 0\n",
            "CorrectOutput": false,
            "FailMessage": "Output not formatted correctly"
        },
        {
            "Input": "5\n0 303 128 339 186 \n303 0 153 320 105 \n128 153 0 340 163 \n339 320 340 0 248 \n186 105 163 248 0 \n",
            "Output": "0 1 0 0\n0 2 0 0\n0 3 0 0\n",
            "CorrectOutput": false,
            "FailMessage": "Output not formatted correctly"
        },
        {
            "Input": "9\n0 165 393 197 194 115 276 169 118 \n165 0 276 309 256 269 370 205 390 \n393 276 0 263 268 243 145 284 242 \n197 309 263 0 316 388 328 224 309 \n194 256 268 316 0 288 283 166 342 \n115 269 243 388 288 0 360 320 223 \n276 370 145 328 283 360 0 243 187 \n169 205 284 224 166 320 243 0 259 \n118 390 242 309 342 223 187 259 0 \n",
            "Output": "0 1 0 0\n0 2 0 0\n0 3 0 0\n",
            "CorrectOutput": false,
            "FailMessage": "Output not formatted correctly"
        },
        {
            "Input": "9\n0 206 320 212 331 283 329 234 328 \n206 0 340 214 179 172 284 388 357 \n320 340 0 304 202 355 271 220 277 \n212 214 304 0 146 257 380 156 375 \n331 179 202 146 0 387 259 187 369 \n283 172 355 257 387 0 240 250 261 \n329 284 271 380 259 240 0 352 225 \n234 388 220 156 187 250 352 0 298 \n328 357 277 375 369 261 225 298 0 \n",
            "Output": "0 1 0 0\n0 2 0 0\n0 3 0 0\n",
            "CorrectOutput": false,
            "FailMessage": "Output not formatted correctly"
        },
        {
            "Input": "5\n0 229 392 378 390 \n229 0 255 115 295 \n392 255 0 377 330 \n378 115 377 0 200 \n390 295 330 200 0 \n",
            "Output": "0 1 0 0\n0 2 0 0\n0 3 0 0\n",
            "CorrectOutput": false,
            "FailMessage": "Output not formatted correctly"
        },
        {
            "Input": "5\n0 351 226 103 268 \n351 0 174 177 165 \n226 174 0 324 360 \n103 177 324 0 129 \n268 165 360 129 0 \n",
            "Output": "0 1 0 0\n0 2 0 0\n0 3 0 0\n",
            "CorrectOutput": false,
            "FailMessage": "Output not formatted correctly"
        },
        {
            "Input": "9\n0 125 295 118 247 218 153 146 262 \n125 0 144 343 106 362 295 234 161 \n295 144 0 111 215 207 155 248 108 \n118 343 111 0 361 280 275 370 224 \n247 106 215 361 0 344 336 380 211 \n218 362 207 280 344 0 300 394 213 \n153 295 155 275 336 300 0 192 185 \n146 234 248 370 380 394 192 0 295 \n262 161 108 224 211 213 185 295 0 \n",
            "Output": "0 1 0 0\n0 2 0 0\n0 3 0 0\n",
            "CorrectOutput": false,
            "FailMessage": "Output not formatted correctly"
        },
        {
            "Input": "6\n0 229 151 270 215 377 \n229 0 109 240 379 360 \n151 109 0 157 264 256 \n270 240 157 0 350 172 \n215 379 264 350 0 335 \n377 360 256 172 335 0 \n",
            "Output": "0 1 0 0\n0 2 0 0\n0 3 0 0\n",
            "CorrectOutput": false,
            "FailMessage": "Output not formatted correctly"
        },
        {
            "Input": "5\n0 143 397 384 113 \n143 0 163 332 238 \n397 163 0 338 208 \n384 332 338 0 154 \n113 238 208 154 0 \n",
            "Output": "0 1 0 0\n0 2 0 0\n0 3 0 0\n",
            "CorrectOutput": false,
            "FailMessage": "Output not formatted correctly"
        },
        {
            "Input": "6\n0 130 111 131 152 348 \n130 0 197 367 371 271 \n111 197 0 340 285 261 \n131 367 340 0 316 358 \n152 371 285 316 0 162 \n348 271 261 358 162 0 \n",
            "Output": "0 1 0 0\n0 2 0 0\n0 3 0 0\n",
            "CorrectOutput": false,
            "FailMessage": "Output not formatted correctly"
        },
        {
            "Input": "9\n0 379 350 121 264 374 259 351 386 \n379 0 383 304 180 231 390 392 291 \n350 383 0 290 125 354 371 249 353 \n121 304 290 0 277 197 346 109 308 \n264 180 125 277 0 318 215 287 279 \n374 231 354 197 318 0 323 377 135 \n259 390 371 346 215 323 0 160 304 \n351 392 249 109 287 377 160 0 204 \n386 291 353 308 279 135 304 204 0 \n",
            "Output": "0 1 0 0\n0 2 0 0\n0 3 0 0\n",
            "CorrectOutput": false,
            "FailMessage": "Output not formatted correctly"
        },
        {
            "Input": "8\n0 263 201 236 281 229 118 200 \n263 0 162 379 390 238 323 222 \n201 162 0 372 305 187 201 329 \n236 379 372 0 237 379 353 346 \n281 390 305 237 0 371 187 339 \n229 238 187 379 371 0 188 333 \n118 323 201 353 187 188 0 247 \n200 222 329 346 339 333 247 0 \n",
            "Output": "0 1 0 0\n0 2 0 0\n0 3 0 0\n",
            "CorrectOutput": false,
            "FailMessage": "Output not formatted correctly"
        },
        {
            "Input": "4\n0 121 266 352 \n121 0 175 139 \n266 175 0 250 \n352 139 250 0 \n",
            "Output": "0 1 0 0\n0 2 0 0\n0 3 0 0\n",
            "CorrectOutput": false,
            "FailMessage": "Output not formatted correctly"
        },
        {
            "Input": "8\n0 287 303 124 257 260 226 125 \n287 0 220 154 261 364 164 304 \n303 220 0 304 197 371 119 286 \n124 154 304 0 138 100 117 282 \n257 261 197 138 0 263 114 108 \n260 364 371 100 263 0 269 272 \n226 164 119 117 114 269 0 311 \n125 304 286 282 108 272 311 0 \n",
            "Output": "0 1 0 0\n0 2 0 0\n0 3 0 0\n",
            "CorrectOutput": false,
            "FailMessage": "Output not formatted correctly"
        },
        {
            "Input": "6\n0 140 184 155 102 369 \n140 0 269 358 291 372 \n184 269 0 300 396 266 \n155 358 300 0 181 393 \n102 291 396 181 0 387 \n369 372 266 393 387 0 \n",
            "Output": "0 1 0 0\n0 2 0 0\n0 3 0 0\n",
            "CorrectOutput": false,
            "FailMessage": "Output not formatted correctly"
        },
        {
            "Input": "6\n0 327 285 380 375 135 \n327 0 387 363 271 334 \n285 387 0 298 181 111 \n380 363 298 0 380 204 \n375 271 181 380 0 114 \n135 334 111 204 114 0 \n",
            "Output": "0 1 0 0\n0 2 0 0\n0 3 0 0\n",
            "CorrectOutput": false,
            "FailMessage": "Output not formatted correctly"
        },
        {
            "Input": "8\n0 212 158 350 270 117 346 304 \n212 0 255 308 186 399 326 267 \n158 255 0 188 259 304 196 338 \n350 308 188 0 189 240 182 326 \n270 186 259 189 0 271 172 369 \n117 399 304 240 271 0 373 110 \n346 326 196 182 172 373 0 146 \n304 267 338 326 369 110 146 0 \n",
            "Output": "0 1 0 0\n0 2 0 0\n0 3 0 0\n",
            "CorrectOutput": false,
            "FailMessage": "Output not formatted correctly"
        },
        {
            "Input": "4\n0 262 307 196 \n262 0 153 380 \n307 153 0 175 \n196 380 175 0 \n",
            "Output": "0 1 0 0\n0 2 0 0\n0 3 0 0\n",
            "CorrectOutput": false,
            "FailMessage": "Output not formatted correctly"
        },
        {
            "Input": "9\n0 397 100 261 356 366 266 148 341 \n397 0 122 363 285 315 209 345 275 \n100 122 0 223 305 149 329 263 375 \n261 363 223 0 147 144 119 338 218 \n356 285 305 147 0 283 175 205 356 \n366 315 149 144 283 0 315 339 118 \n266 209 329 119 175 315 0 333 251 \n148 345 263 338 205 339 333 0 198 \n341 275 375 218 356 118 251 198 0 \n",
            "Output": "0 1 0 0\n0 2 0 0\n0 3 0 0\n",
            "CorrectOutput": false,
            "FailMessage": "Output not formatted correctly"
        },
        {
            "Input": "7\n0 356 244 349 122 218 100 \n356 0 332 104 141 163 157 \n244 332 0 331 130 101 285 \n349 104 331 0 303 287 293 \n122 141 130 303 0 169 316 \n218 163 101 287 169 0 376 \n100 157 285 293 316 376 0 \n",
            "Output": "0 1 0 0\n0 2 0 0\n0 3 0 0\n",
            "CorrectOutput": false,
            "FailMessage": "Output not formatted correctly"
        },
        {
