{
    "SucceededTests": [],
    "FailedTests": [
        {
            "Input": "6\r\n0 293 249 158 340 323 \r\n293 0 304 202 159 295 \r\n249 304 0 179 337 222 \r\n158 202 179 0 243 187 \r\n340 159 337 243 0 322 \r\n323 295 222 187 322 0 \r\n",
            "Output": "",
            "CorrectOutput": false,
            "FailMessage": "Error during runtime: \u0027Traceback (most recent call last):\r\n  File \u0022C:\\Repos\\Problem-solving-using-automatically-generated-code\\ProgramTests\\ElectricalOutletTest\\bin\\Debug\\net6.0\\Electrical.py\u0022, line 60, in \u003Cmodule\u003E\r\n    music_stands = create_music_stands()\r\n  File \u0022C:\\Repos\\Problem-solving-using-automatically-generated-code\\ProgramTests\\ElectricalOutletTest\\bin\\Debug\\net6.0\\Electrical.py\u0022, line 16, in create_music_stands\r\n    return list(range(n))\r\nNameError: name \u0027n\u0027 is not defined\r\n\u0027"
        },
        {
            "Input": "7\r\n0 197 184 146 266 178 306 \r\n197 0 381 109 359 325 216 \r\n184 381 0 347 149 105 384 \r\n146 109 347 0 376 168 182 \r\n266 359 149 376 0 185 133 \r\n178 325 105 168 185 0 123 \r\n306 216 384 182 133 123 0 \r\n",
            "Output": "",
            "CorrectOutput": false,
            "FailMessage": "Error during runtime: \u0027Traceback (most recent call last):\r\n  File \u0022C:\\Repos\\Problem-solving-using-automatically-generated-code\\ProgramTests\\ElectricalOutletTest\\bin\\Debug\\net6.0\\Electrical.py\u0022, line 60, in \u003Cmodule\u003E\r\n    music_stands = create_music_stands()\r\n  File \u0022C:\\Repos\\Problem-solving-using-automatically-generated-code\\ProgramTests\\ElectricalOutletTest\\bin\\Debug\\net6.0\\Electrical.py\u0022, line 16, in create_music_stands\r\n    return list(range(n))\r\nNameError: name \u0027n\u0027 is not defined\r\n\u0027"
        },
        {
            "Input": "4\r\n0 190 100 344 \r\n190 0 124 234 \r\n100 124 0 303 \r\n344 234 303 0 \r\n",
            "Output": "",
            "CorrectOutput": false,
            "FailMessage": "Error during runtime: \u0027Traceback (most recent call last):\r\n  File \u0022C:\\Repos\\Problem-solving-using-automatically-generated-code\\ProgramTests\\ElectricalOutletTest\\bin\\Debug\\net6.0\\Electrical.py\u0022, line 60, in \u003Cmodule\u003E\r\n    music_stands = create_music_stands()\r\n  File \u0022C:\\Repos\\Problem-solving-using-automatically-generated-code\\ProgramTests\\ElectricalOutletTest\\bin\\Debug\\net6.0\\Electrical.py\u0022, line 16, in create_music_stands\r\n    return list(range(n))\r\nNameError: name \u0027n\u0027 is not defined\r\n\u0027"
        },
        {
            "Input": "9\r\n0 331 276 304 360 285 143 313 219 \r\n331 0 219 304 347 169 247 249 290 \r\n276 219 0 315 326 251 172 335 119 \r\n304 304 315 0 345 247 215 389 139 \r\n360 347 326 345 0 166 237 314 217 \r\n285 169 251 247 166 0 207 296 311 \r\n143 247 172 215 237 207 0 170 120 \r\n313 249 335 389 314 296 170 0 153 \r\n219 290 119 139 217 311 120 153 0 \r\n",
            "Output": "",
            "CorrectOutput": false,
            "FailMessage": "Error during runtime: \u0027Traceback (most recent call last):\r\n  File \u0022C:\\Repos\\Problem-solving-using-automatically-generated-code\\ProgramTests\\ElectricalOutletTest\\bin\\Debug\\net6.0\\Electrical.py\u0022, line 60, in \u003Cmodule\u003E\r\n    music_stands = create_music_stands()\r\n  File \u0022C:\\Repos\\Problem-solving-using-automatically-generated-code\\ProgramTests\\ElectricalOutletTest\\bin\\Debug\\net6.0\\Electrical.py\u0022, line 16, in create_music_stands\r\n    return list(range(n))\r\nNameError: name \u0027n\u0027 is not defined\r\n\u0027"
        },
        {
            "Input": "5\r\n0 316 202 307 293 \r\n316 0 384 328 361 \r\n202 384 0 198 197 \r\n307 328 198 0 235 \r\n293 361 197 235 0 \r\n",
            "Output": "",
            "CorrectOutput": false,
            "FailMessage": "Error during runtime: \u0027Traceback (most recent call last):\r\n  File \u0022C:\\Repos\\Problem-solving-using-automatically-generated-code\\ProgramTests\\ElectricalOutletTest\\bin\\Debug\\net6.0\\Electrical.py\u0022, line 60, in \u003Cmodule\u003E\r\n    music_stands = create_music_stands()\r\n  File \u0022C:\\Repos\\Problem-solving-using-automatically-generated-code\\ProgramTests\\ElectricalOutletTest\\bin\\Debug\\net6.0\\Electrical.py\u0022, line 16, in create_music_stands\r\n    return list(range(n))\r\nNameError: name \u0027n\u0027 is not defined\r\n\u0027"
        },
        {
            "Input": "8\r\n0 243 337 363 346 392 224 221 \r\n243 0 163 351 175 263 289 151 \r\n337 163 0 268 159 164 322 328 \r\n363 351 268 0 337 208 278 222 \r\n346 175 159 337 0 218 250 201 \r\n392 263 164 208 218 0 386 360 \r\n224 289 322 278 250 386 0 206 \r\n221 151 328 222 201 360 206 0 \r\n",
            "Output": "",
            "CorrectOutput": false,
            "FailMessage": "Error during runtime: \u0027Traceback (most recent call last):\r\n  File \u0022C:\\Repos\\Problem-solving-using-automatically-generated-code\\ProgramTests\\ElectricalOutletTest\\bin\\Debug\\net6.0\\Electrical.py\u0022, line 60, in \u003Cmodule\u003E\r\n    music_stands = create_music_stands()\r\n  File \u0022C:\\Repos\\Problem-solving-using-automatically-generated-code\\ProgramTests\\ElectricalOutletTest\\bin\\Debug\\net6.0\\Electrical.py\u0022, line 16, in create_music_stands\r\n    return list(range(n))\r\nNameError: name \u0027n\u0027 is not defined\r\n\u0027"
        },
        {
            "Input": "8\r\n0 287 383 338 307 159 295 299 \r\n287 0 155 147 390 387 300 154 \r\n383 155 0 205 354 165 374 188 \r\n338 147 205 0 278 343 151 171 \r\n307 390 354 278 0 350 352 103 \r\n159 387 165 343 350 0 194 247 \r\n295 300 374 151 352 194 0 154 \r\n299 154 188 171 103 247 154 0 \r\n",
            "Output": "",
            "CorrectOutput": false,
            "FailMessage": "Error during runtime: \u0027Traceback (most recent call last):\r\n  File \u0022C:\\Repos\\Problem-solving-using-automatically-generated-code\\ProgramTests\\ElectricalOutletTest\\bin\\Debug\\net6.0\\Electrical.py\u0022, line 60, in \u003Cmodule\u003E\r\n    music_stands = create_music_stands()\r\n  File \u0022C:\\Repos\\Problem-solving-using-automatically-generated-code\\ProgramTests\\ElectricalOutletTest\\bin\\Debug\\net6.0\\Electrical.py\u0022, line 16, in create_music_stands\r\n    return list(range(n))\r\nNameError: name \u0027n\u0027 is not defined\r\n\u0027"
        },
        {
            "Input": "6\r\n0 337 249 201 326 265 \r\n337 0 142 165 240 284 \r\n249 142 0 253 301 334 \r\n201 165 253 0 205 233 \r\n326 240 301 205 0 342 \r\n265 284 334 233 342 0 \r\n",
            "Output": "",
            "CorrectOutput": false,
            "FailMessage": "Error during runtime: \u0027Traceback (most recent call last):\r\n  File \u0022C:\\Repos\\Problem-solving-using-automatically-generated-code\\ProgramTests\\ElectricalOutletTest\\bin\\Debug\\net6.0\\Electrical.py\u0022, line 60, in \u003Cmodule\u003E\r\n    music_stands = create_music_stands()\r\n  File \u0022C:\\Repos\\Problem-solving-using-automatically-generated-code\\ProgramTests\\ElectricalOutletTest\\bin\\Debug\\net6.0\\Electrical.py\u0022, line 16, in create_music_stands\r\n    return list(range(n))\r\nNameError: name \u0027n\u0027 is not defined\r\n\u0027"
        },
        {
            "Input": "9\r\n0 230 308 292 234 233 209 204 210 \r\n230 0 232 326 284 306 320 185 219 \r\n308 232 0 346 166 221 302 300 160 \r\n292 326 346 0 106 356 154 381 298 \r\n234 284 166 106 0 171 211 221 287 \r\n233 306 221 356 171 0 178 351 328 \r\n209 320 302 154 211 178 0 267 305 \r\n204 185 300 381 221 351 267 0 337 \r\n210 219 160 298 287 328 305 337 0 \r\n",
            "Output": "",
            "CorrectOutput": false,
            "FailMessage": "Error during runtime: \u0027Traceback (most recent call last):\r\n  File \u0022C:\\Repos\\Problem-solving-using-automatically-generated-code\\ProgramTests\\ElectricalOutletTest\\bin\\Debug\\net6.0\\Electrical.py\u0022, line 60, in \u003Cmodule\u003E\r\n    music_stands = create_music_stands()\r\n  File \u0022C:\\Repos\\Problem-solving-using-automatically-generated-code\\ProgramTests\\ElectricalOutletTest\\bin\\Debug\\net6.0\\Electrical.py\u0022, line 16, in create_music_stands\r\n    return list(range(n))\r\nNameError: name \u0027n\u0027 is not defined\r\n\u0027"
        },
        {
            "Input": "7\r\n0 160 201 316 287 363 258 \r\n160 0 222 279 314 223 147 \r\n201 222 0 148 239 354 141 \r\n316 279 148 0 143 307 267 \r\n287 314 239 143 0 177 273 \r\n363 223 354 307 177 0 347 \r\n258 147 141 267 273 347 0 \r\n",
            "Output": "",
            "CorrectOutput": false,
            "FailMessage": "Error during runtime: \u0027Traceback (most recent call last):\r\n  File \u0022C:\\Repos\\Problem-solving-using-automatically-generated-code\\ProgramTests\\ElectricalOutletTest\\bin\\Debug\\net6.0\\Electrical.py\u0022, line 60, in \u003Cmodule\u003E\r\n    music_stands = create_music_stands()\r\n  File \u0022C:\\Repos\\Problem-solving-using-automatically-generated-code\\ProgramTests\\ElectricalOutletTest\\bin\\Debug\\net6.0\\Electrical.py\u0022, line 16, in create_music_stands\r\n    return list(range(n))\r\nNameError: name \u0027n\u0027 is not defined\r\n\u0027"
        },
        {
            "Input": "7\r\n0 148 199 220 271 200 227 \r\n148 0 171 169 171 222 314 \r\n199 171 0 268 384 391 209 \r\n220 169 268 0 365 289 136 \r\n271 171 384 365 0 379 239 \r\n200 222 391 289 379 0 389 \r\n227 314 209 136 239 389 0 \r\n",
            "Output": "",
            "CorrectOutput": false,
            "FailMessage": "Error during runtime: \u0027Traceback (most recent call last):\r\n  File \u0022C:\\Repos\\Problem-solving-using-automatically-generated-code\\ProgramTests\\ElectricalOutletTest\\bin\\Debug\\net6.0\\Electrical.py\u0022, line 60, in \u003Cmodule\u003E\r\n    music_stands = create_music_stands()\r\n  File \u0022C:\\Repos\\Problem-solving-using-automatically-generated-code\\ProgramTests\\ElectricalOutletTest\\bin\\Debug\\net6.0\\Electrical.py\u0022, line 16, in create_music_stands\r\n    return list(range(n))\r\nNameError: name \u0027n\u0027 is not defined\r\n\u0027"
        },
        {
            "Input": "6\r\n0 138 393 389 336 207 \r\n138 0 251 290 327 278 \r\n393 251 0 301 235 280 \r\n389 290 301 0 147 156 \r\n336 327 235 147 0 180 \r\n207 278 280 156 180 0 \r\n",
            "Output": "",
            "CorrectOutput": false,
            "FailMessage": "Error during runtime: \u0027Traceback (most recent call last):\r\n  File \u0022C:\\Repos\\Problem-solving-using-automatically-generated-code\\ProgramTests\\ElectricalOutletTest\\bin\\Debug\\net6.0\\Electrical.py\u0022, line 60, in \u003Cmodule\u003E\r\n    music_stands = create_music_stands()\r\n  File \u0022C:\\Repos\\Problem-solving-using-automatically-generated-code\\ProgramTests\\ElectricalOutletTest\\bin\\Debug\\net6.0\\Electrical.py\u0022, line 16, in create_music_stands\r\n    return list(range(n))\r\nNameError: name \u0027n\u0027 is not defined\r\n\u0027"
        },
        {
            "Input": "5\r\n0 144 346 178 275 \r\n144 0 327 355 166 \r\n346 327 0 238 344 \r\n178 355 238 0 330 \r\n275 166 344 330 0 \r\n",
            "Output": "",
            "CorrectOutput": false,
            "FailMessage": "Error during runtime: \u0027Traceback (most recent call last):\r\n  File \u0022C:\\Repos\\Problem-solving-using-automatically-generated-code\\ProgramTests\\ElectricalOutletTest\\bin\\Debug\\net6.0\\Electrical.py\u0022, line 60, in \u003Cmodule\u003E\r\n    music_stands = create_music_stands()\r\n  File \u0022C:\\Repos\\Problem-solving-using-automatically-generated-code\\ProgramTests\\ElectricalOutletTest\\bin\\Debug\\net6.0\\Electrical.py\u0022, line 16, in create_music_stands\r\n    return list(range(n))\r\nNameError: name \u0027n\u0027 is not defined\r\n\u0027"
        },
        {
            "Input": "6\r\n0 228 306 290 356 135 \r\n228 0 363 321 353 363 \r\n306 363 0 160 262 293 \r\n290 321 160 0 255 317 \r\n356 353 262 255 0 250 \r\n135 363 293 317 250 0 \r\n",
            "Output": "",
            "CorrectOutput": false,
            "FailMessage": "Error during runtime: \u0027Traceback (most recent call last):\r\n  File \u0022C:\\Repos\\Problem-solving-using-automatically-generated-code\\ProgramTests\\ElectricalOutletTest\\bin\\Debug\\net6.0\\Electrical.py\u0022, line 60, in \u003Cmodule\u003E\r\n    music_stands = create_music_stands()\r\n  File \u0022C:\\Repos\\Problem-solving-using-automatically-generated-code\\ProgramTests\\ElectricalOutletTest\\bin\\Debug\\net6.0\\Electrical.py\u0022, line 16, in create_music_stands\r\n    return list(range(n))\r\nNameError: name \u0027n\u0027 is not defined\r\n\u0027"
        },
        {
            "Input": "4\r\n0 184 391 322 \r\n184 0 111 263 \r\n391 111 0 312 \r\n322 263 312 0 \r\n",
            "Output": "",
            "CorrectOutput": false,
            "FailMessage": "Error during runtime: \u0027Traceback (most recent call last):\r\n  File \u0022C:\\Repos\\Problem-solving-using-automatically-generated-code\\ProgramTests\\ElectricalOutletTest\\bin\\Debug\\net6.0\\Electrical.py\u0022, line 60, in \u003Cmodule\u003E\r\n    music_stands = create_music_stands()\r\n  File \u0022C:\\Repos\\Problem-solving-using-automatically-generated-code\\ProgramTests\\ElectricalOutletTest\\bin\\Debug\\net6.0\\Electrical.py\u0022, line 16, in create_music_stands\r\n    return list(range(n))\r\nNameError: name \u0027n\u0027 is not defined\r\n\u0027"
        },
        {
            "Input": "4\r\n0 124 220 249 \r\n124 0 200 365 \r\n220 200 0 163 \r\n249 365 163 0 \r\n",
            "Output": "",
            "CorrectOutput": false,
            "FailMessage": "Error during runtime: \u0027Traceback (most recent call last):\r\n  File \u0022C:\\Repos\\Problem-solving-using-automatically-generated-code\\ProgramTests\\ElectricalOutletTest\\bin\\Debug\\net6.0\\Electrical.py\u0022, line 60, in \u003Cmodule\u003E\r\n    music_stands = create_music_stands()\r\n  File \u0022C:\\Repos\\Problem-solving-using-automatically-generated-code\\ProgramTests\\ElectricalOutletTest\\bin\\Debug\\net6.0\\Electrical.py\u0022, line 16, in create_music_stands\r\n    return list(range(n))\r\nNameError: name \u0027n\u0027 is not defined\r\n\u0027"
        },
        {
            "Input": "8\r\n0 164 293 222 303 339 320 137 \r\n164 0 209 132 253 214 348 294 \r\n293 209 0 323 230 110 190 312 \r\n222 132 323 0 178 337 305 213 \r\n303 253 230 178 0 230 332 137 \r\n339 214 110 337 230 0 296 170 \r\n320 348 190 305 332 296 0 269 \r\n137 294 312 213 137 170 269 0 \r\n",
            "Output": "",
            "CorrectOutput": false,
            "FailMessage": "Error during runtime: \u0027Traceback (most recent call last):\r\n  File \u0022C:\\Repos\\Problem-solving-using-automatically-generated-code\\ProgramTests\\ElectricalOutletTest\\bin\\Debug\\net6.0\\Electrical.py\u0022, line 60, in \u003Cmodule\u003E\r\n    music_stands = create_music_stands()\r\n  File \u0022C:\\Repos\\Problem-solving-using-automatically-generated-code\\ProgramTests\\ElectricalOutletTest\\bin\\Debug\\net6.0\\Electrical.py\u0022, line 16, in create_music_stands\r\n    return list(range(n))\r\nNameError: name \u0027n\u0027 is not defined\r\n\u0027"
        },
        {
            "Input": "8\r\n0 102 265 203 155 379 195 304 \r\n102 0 293 108 295 274 141 140 \r\n265 293 0 209 291 195 281 236 \r\n203 108 209 0 376 113 354 118 \r\n155 295 291 376 0 259 164 179 \r\n379 274 195 113 259 0 117 184 \r\n195 141 281 354 164 117 0 141 \r\n304 140 236 118 179 184 141 0 \r\n",
            "Output": "",
            "CorrectOutput": false,
            "FailMessage": "Error during runtime: \u0027Traceback (most recent call last):\r\n  File \u0022C:\\Repos\\Problem-solving-using-automatically-generated-code\\ProgramTests\\ElectricalOutletTest\\bin\\Debug\\net6.0\\Electrical.py\u0022, line 60, in \u003Cmodule\u003E\r\n    music_stands = create_music_stands()\r\n  File \u0022C:\\Repos\\Problem-solving-using-automatically-generated-code\\ProgramTests\\ElectricalOutletTest\\bin\\Debug\\net6.0\\Electrical.py\u0022, line 16, in create_music_stands\r\n    return list(range(n))\r\nNameError: name \u0027n\u0027 is not defined\r\n\u0027"
        },
        {
            "Input": "6\r\n0 218 137 161 352 180 \r\n218 0 147 335 247 181 \r\n137 147 0 364 184 341 \r\n161 335 364 0 267 185 \r\n352 247 184 267 0 331 \r\n180 181 341 185 331 0 \r\n",
            "Output": "",
            "CorrectOutput": false,
            "FailMessage": "Error during runtime: \u0027Traceback (most recent call last):\r\n  File \u0022C:\\Repos\\Problem-solving-using-automatically-generated-code\\ProgramTests\\ElectricalOutletTest\\bin\\Debug\\net6.0\\Electrical.py\u0022, line 60, in \u003Cmodule\u003E\r\n    music_stands = create_music_stands()\r\n  File \u0022C:\\Repos\\Problem-solving-using-automatically-generated-code\\ProgramTests\\ElectricalOutletTest\\bin\\Debug\\net6.0\\Electrical.py\u0022, line 16, in create_music_stands\r\n    return list(range(n))\r\nNameError: name \u0027n\u0027 is not defined\r\n\u0027"
        },
        {
            "Input": "8\r\n0 294 325 162 179 153 149 208 \r\n294 0 329 392 150 224 246 360 \r\n325 329 0 380 208 394 118 321 \r\n162 392 380 0 108 161 145 300 \r\n179 150 208 108 0 171 269 386 \r\n153 224 394 161 171 0 102 168 \r\n149 246 118 145 269 102 0 329 \r\n208 360 321 300 386 168 329 0 \r\n",
            "Output": "",
            "CorrectOutput": false,
            "FailMessage": "Error during runtime: \u0027Traceback (most recent call last):\r\n  File \u0022C:\\Repos\\Problem-solving-using-automatically-generated-code\\ProgramTests\\ElectricalOutletTest\\bin\\Debug\\net6.0\\Electrical.py\u0022, line 60, in \u003Cmodule\u003E\r\n    music_stands = create_music_stands()\r\n  File \u0022C:\\Repos\\Problem-solving-using-automatically-generated-code\\ProgramTests\\ElectricalOutletTest\\bin\\Debug\\net6.0\\Electrical.py\u0022, line 16, in create_music_stands\r\n    return list(range(n))\r\nNameError: name \u0027n\u0027 is not defined\r\n\u0027"
        },
        {
            "Input": "8\r\n0 317 147 104 307 284 350 279 \r\n317 0 153 111 390 361 123 195 \r\n147 153 0 200 386 355 381 197 \r\n104 111 200 0 318 331 136 180 \r\n307 390 386 318 0 103 236 257 \r\n284 361 355 331 103 0 305 330 \r\n350 123 381 136 236 305 0 203 \r\n279 195 197 180 257 330 203 0 \r\n",
            "Output": "",
            "CorrectOutput": false,
            "FailMessage": "Error during runtime: \u0027Traceback (most recent call last):\r\n  File \u0022C:\\Repos\\Problem-solving-using-automatically-generated-code\\ProgramTests\\ElectricalOutletTest\\bin\\Debug\\net6.0\\Electrical.py\u0022, line 60, in \u003Cmodule\u003E\r\n    music_stands = create_music_stands()\r\n  File \u0022C:\\Repos\\Problem-solving-using-automatically-generated-code\\ProgramTests\\ElectricalOutletTest\\bin\\Debug\\net6.0\\Electrical.py\u0022, line 16, in create_music_stands\r\n    return list(range(n))\r\nNameError: name \u0027n\u0027 is not defined\r\n\u0027"
        },
        {
            "Input": "4\r\n0 163 349 196 \r\n163 0 163 126 \r\n349 163 0 336 \r\n196 126 336 0 \r\n",
            "Output": "",
            "CorrectOutput": false,
            "FailMessage": "Error during runtime: \u0027Traceback (most recent call last):\r\n  File \u0022C:\\Repos\\Problem-solving-using-automatically-generated-code\\ProgramTests\\ElectricalOutletTest\\bin\\Debug\\net6.0\\Electrical.py\u0022, line 60, in \u003Cmodule\u003E\r\n    music_stands = create_music_stands()\r\n  File \u0022C:\\Repos\\Problem-solving-using-automatically-generated-code\\ProgramTests\\ElectricalOutletTest\\bin\\Debug\\net6.0\\Electrical.py\u0022, line 16, in create_music_stands\r\n    return list(range(n))\r\nNameError: name \u0027n\u0027 is not defined\r\n\u0027"
        },
        {
            "Input": "4\r\n0 176 182 213 \r\n176 0 350 220 \r\n182 350 0 288 \r\n213 220 288 0 \r\n",
            "Output": "",
            "CorrectOutput": false,
            "FailMessage": "Error during runtime: \u0027Traceback (most recent call last):\r\n  File \u0022C:\\Repos\\Problem-solving-using-automatically-generated-code\\ProgramTests\\ElectricalOutletTest\\bin\\Debug\\net6.0\\Electrical.py\u0022, line 60, in \u003Cmodule\u003E\r\n    music_stands = create_music_stands()\r\n  File \u0022C:\\Repos\\Problem-solving-using-automatically-generated-code\\ProgramTests\\ElectricalOutletTest\\bin\\Debug\\net6.0\\Electrical.py\u0022, line 16, in create_music_stands\r\n    return list(range(n))\r\nNameError: name \u0027n\u0027 is not defined\r\n\u0027"
        },
        {
            "Input": "7\r\n0 166 250 212 273 166 128 \r\n166 0 137 392 156 318 228 \r\n250 137 0 103 108 224 219 \r\n212 392 103 0 184 218 246 \r\n273 156 108 184 0 284 323 \r\n166 318 224 218 284 0 154 \r\n128 228 219 246 323 154 0 \r\n",
            "Output": "",
            "CorrectOutput": false,
            "FailMessage": "Error during runtime: \u0027Traceback (most recent call last):\r\n  File \u0022C:\\Repos\\Problem-solving-using-automatically-generated-code\\ProgramTests\\ElectricalOutletTest\\bin\\Debug\\net6.0\\Electrical.py\u0022, line 60, in \u003Cmodule\u003E\r\n    music_stands = create_music_stands()\r\n  File \u0022C:\\Repos\\Problem-solving-using-automatically-generated-code\\ProgramTests\\ElectricalOutletTest\\bin\\Debug\\net6.0\\Electrical.py\u0022, line 16, in create_music_stands\r\n    return list(range(n))\r\nNameError: name \u0027n\u0027 is not defined\r\n\u0027"
        },
        {
            "Input": "6\r\n0 268 351 120 356 158 \r\n268 0 356 376 162 196 \r\n351 356 0 361 277 392 \r\n120 376 361 0 333 179 \r\n356 162 277 333 0 202 \r\n158 196 392 179 202 0 \r\n",
            "Output": "",
            "CorrectOutput": false,
            "FailMessage": "Error during runtime: \u0027Traceback (most recent call last):\r\n  File \u0022C:\\Repos\\Problem-solving-using-automatically-generated-code\\ProgramTests\\ElectricalOutletTest\\bin\\Debug\\net6.0\\Electrical.py\u0022, line 60, in \u003Cmodule\u003E\r\n    music_stands = create_music_stands()\r\n  File \u0022C:\\Repos\\Problem-solving-using-automatically-generated-code\\ProgramTests\\ElectricalOutletTest\\bin\\Debug\\net6.0\\Electrical.py\u0022, line 16, in create_music_stands\r\n    return list(range(n))\r\nNameError: name \u0027n\u0027 is not defined\r\n\u0027"
        },
        {
            "Input": "5\r\n0 325 244 226 175 \r\n325 0 173 359 193 \r\n244 173 0 305 141 \r\n226 359 305 0 365 \r\n175 193 141 365 0 \r\n",
            "Output": "",
            "CorrectOutput": false,
            "FailMessage": "Error during runtime: \u0027Traceback (most recent call last):\r\n  File \u0022C:\\Repos\\Problem-solving-using-automatically-generated-code\\ProgramTests\\ElectricalOutletTest\\bin\\Debug\\net6.0\\Electrical.py\u0022, line 60, in \u003Cmodule\u003E\r\n    music_stands = create_music_stands()\r\n  File \u0022C:\\Repos\\Problem-solving-using-automatically-generated-code\\ProgramTests\\ElectricalOutletTest\\bin\\Debug\\net6.0\\Electrical.py\u0022, line 16, in create_music_stands\r\n    return list(range(n))\r\nNameError: name \u0027n\u0027 is not defined\r\n\u0027"
        },
        {
            "Input": "9\r\n0 201 304 314 359 322 130 100 287 \r\n201 0 390 292 130 382 170 199 373 \r\n304 390 0 239 320 244 169 382 358 \r\n314 292 239 0 369 135 261 246 363 \r\n359 130 320 369 0 163 239 318 116 \r\n322 382 244 135 163 0 104 190 367 \r\n130 170 169 261 239 104 0 390 313 \r\n100 199 382 246 318 190 390 0 332 \r\n287 373 358 363 116 367 313 332 0 \r\n",
            "Output": "",
            "CorrectOutput": false,
            "FailMessage": "Error during runtime: \u0027Traceback (most recent call last):\r\n  File \u0022C:\\Repos\\Problem-solving-using-automatically-generated-code\\ProgramTests\\ElectricalOutletTest\\bin\\Debug\\net6.0\\Electrical.py\u0022, line 60, in \u003Cmodule\u003E\r\n    music_stands = create_music_stands()\r\n  File \u0022C:\\Repos\\Problem-solving-using-automatically-generated-code\\ProgramTests\\ElectricalOutletTest\\bin\\Debug\\net6.0\\Electrical.py\u0022, line 16, in create_music_stands\r\n    return list(range(n))\r\nNameError: name \u0027n\u0027 is not defined\r\n\u0027"
        },
        {
            "Input": "9\r\n0 311 158 120 336 334 311 305 381 \r\n311 0 173 110 279 209 248 348 149 \r\n158 173 0 308 351 174 386 226 333 \r\n120 110 308 0 229 284 132 390 397 \r\n336 279 351 229 0 145 315 348 280 \r\n334 209 174 284 145 0 343 123 285 \r\n311 248 386 132 315 343 0 343 295 \r\n305 348 226 390 348 123 343 0 318 \r\n381 149 333 397 280 285 295 318 0 \r\n",
            "Output": "",
            "CorrectOutput": false,
            "FailMessage": "Error during runtime: \u0027Traceback (most recent call last):\r\n  File \u0022C:\\Repos\\Problem-solving-using-automatically-generated-code\\ProgramTests\\ElectricalOutletTest\\bin\\Debug\\net6.0\\Electrical.py\u0022, line 60, in \u003Cmodule\u003E\r\n    music_stands = create_music_stands()\r\n  File \u0022C:\\Repos\\Problem-solving-using-automatically-generated-code\\ProgramTests\\ElectricalOutletTest\\bin\\Debug\\net6.0\\Electrical.py\u0022, line 16, in create_music_stands\r\n    return list(range(n))\r\nNameError: name \u0027n\u0027 is not defined\r\n\u0027"
        },
        {
            "Input": "7\r\n0 216 113 293 157 203 109 \r\n216 0 225 164 324 132 222 \r\n113 225 0 320 167 290 270 \r\n293 164 320 0 235 215 266 \r\n157 324 167 235 0 176 273 \r\n203 132 290 215 176 0 312 \r\n109 222 270 266 273 312 0 \r\n",
            "Output": "",
            "CorrectOutput": false,
            "FailMessage": "Error during runtime: \u0027Traceback (most recent call last):\r\n  File \u0022C:\\Repos\\Problem-solving-using-automatically-generated-code\\ProgramTests\\ElectricalOutletTest\\bin\\Debug\\net6.0\\Electrical.py\u0022, line 60, in \u003Cmodule\u003E\r\n    music_stands = create_music_stands()\r\n  File \u0022C:\\Repos\\Problem-solving-using-automatically-generated-code\\ProgramTests\\ElectricalOutletTest\\bin\\Debug\\net6.0\\Electrical.py\u0022, line 16, in create_music_stands\r\n    return list(range(n))\r\nNameError: name \u0027n\u0027 is not defined\r\n\u0027"
        },
        {
            "Input": "8\r\n0 149 260 166 146 229 314 199 \r\n149 0 379 244 360 249 234 257 \r\n260 379 0 305 180 363 191 187 \r\n166 244 305 0 219 356 352 319 \r\n146 360 180 219 0 227 356 318 \r\n229 249 363 356 227 0 283 260 \r\n314 234 191 352 356 283 0 130 \r\n199 257 187 319 318 260 130 0 \r\n",
            "Output": "",
            "CorrectOutput": false,
            "FailMessage": "Error during runtime: \u0027Traceback (most recent call last):\r\n  File \u0022C:\\Repos\\Problem-solving-using-automatically-generated-code\\ProgramTests\\ElectricalOutletTest\\bin\\Debug\\net6.0\\Electrical.py\u0022, line 60, in \u003Cmodule\u003E\r\n    music_stands = create_music_stands()\r\n  File \u0022C:\\Repos\\Problem-solving-using-automatically-generated-code\\ProgramTests\\ElectricalOutletTest\\bin\\Debug\\net6.0\\Electrical.py\u0022, line 16, in create_music_stands\r\n    return list(range(n))\r\nNameError: name \u0027n\u0027 is not defined\r\n\u0027"
        },
        {
            "Input": "8\r\n0 235 333 257 281 113 236 335 \r\n235 0 388 333 396 204 256 225 \r\n333 388 0 219 189 151 156 261 \r\n257 333 219 0 351 229 260 268 \r\n281 396 189 351 0 377 149 147 \r\n113 204 151 229 377 0 327 359 \r\n236 256 156 260 149 327 0 325 \r\n335 225 261 268 147 359 325 0 \r\n",
            "Output": "",
            "CorrectOutput": false,
            "FailMessage": "Error during runtime: \u0027Traceback (most recent call last):\r\n  File \u0022C:\\Repos\\Problem-solving-using-automatically-generated-code\\ProgramTests\\ElectricalOutletTest\\bin\\Debug\\net6.0\\Electrical.py\u0022, line 60, in \u003Cmodule\u003E\r\n    music_stands = create_music_stands()\r\n  File \u0022C:\\Repos\\Problem-solving-using-automatically-generated-code\\ProgramTests\\ElectricalOutletTest\\bin\\Debug\\net6.0\\Electrical.py\u0022, line 16, in create_music_stands\r\n    return list(range(n))\r\nNameError: name \u0027n\u0027 is not defined\r\n\u0027"
        },
        {
            "Input": "9\r\n0 384 280 191 183 243 261 358 293 \r\n384 0 284 294 266 371 205 246 367 \r\n280 284 0 297 383 333 373 283 329 \r\n191 294 297 0 256 392 221 299 376 \r\n183 266 383 256 0 229 389 157 337 \r\n243 371 333 392 229 0 269 310 340 \r\n261 205 373 221 389 269 0 206 148 \r\n358 246 283 299 157 310 206 0 283 \r\n293 367 329 376 337 340 148 283 0 \r\n",
            "Output": "",
            "CorrectOutput": false,
            "FailMessage": "Error during runtime: \u0027Traceback (most recent call last):\r\n  File \u0022C:\\Repos\\Problem-solving-using-automatically-generated-code\\ProgramTests\\ElectricalOutletTest\\bin\\Debug\\net6.0\\Electrical.py\u0022, line 60, in \u003Cmodule\u003E\r\n    music_stands = create_music_stands()\r\n  File \u0022C:\\Repos\\Problem-solving-using-automatically-generated-code\\ProgramTests\\ElectricalOutletTest\\bin\\Debug\\net6.0\\Electrical.py\u0022, line 16, in create_music_stands\r\n    return list(range(n))\r\nNameError: name \u0027n\u0027 is not defined\r\n\u0027"
        },
        {
            "Input": "5\r\n0 288 237 252 105 \r\n288 0 261 340 314 \r\n237 261 0 125 243 \r\n252 340 125 0 359 \r\n105 314 243 359 0 \r\n",
            "Output": "",
            "CorrectOutput": false,
            "FailMessage": "Error during runtime: \u0027Traceback (most recent call last):\r\n  File \u0022C:\\Repos\\Problem-solving-using-automatically-generated-code\\ProgramTests\\ElectricalOutletTest\\bin\\Debug\\net6.0\\Electrical.py\u0022, line 60, in \u003Cmodule\u003E\r\n    music_stands = create_music_stands()\r\n  File \u0022C:\\Repos\\Problem-solving-using-automatically-generated-code\\ProgramTests\\ElectricalOutletTest\\bin\\Debug\\net6.0\\Electrical.py\u0022, line 16, in create_music_stands\r\n    return list(range(n))\r\nNameError: name \u0027n\u0027 is not defined\r\n\u0027"
        },
        {
            "Input": "4\r\n0 130 350 370 \r\n130 0 100 381 \r\n350 100 0 297 \r\n370 381 297 0 \r\n",
            "Output": "",
            "CorrectOutput": false,
            "FailMessage": "Error during runtime: \u0027Traceback (most recent call last):\r\n  File \u0022C:\\Repos\\Problem-solving-using-automatically-generated-code\\ProgramTests\\ElectricalOutletTest\\bin\\Debug\\net6.0\\Electrical.py\u0022, line 60, in \u003Cmodule\u003E\r\n    music_stands = create_music_stands()\r\n  File \u0022C:\\Repos\\Problem-solving-using-automatically-generated-code\\ProgramTests\\ElectricalOutletTest\\bin\\Debug\\net6.0\\Electrical.py\u0022, line 16, in create_music_stands\r\n    return list(range(n))\r\nNameError: name \u0027n\u0027 is not defined\r\n\u0027"
        },
        {
            "Input": "4\r\n0 321 136 217 \r\n321 0 113 189 \r\n136 113 0 377 \r\n217 189 377 0 \r\n",
            "Output": "",
            "CorrectOutput": false,
            "FailMessage": "Error during runtime: \u0027Traceback (most recent call last):\r\n  File \u0022C:\\Repos\\Problem-solving-using-automatically-generated-code\\ProgramTests\\ElectricalOutletTest\\bin\\Debug\\net6.0\\Electrical.py\u0022, line 60, in \u003Cmodule\u003E\r\n    music_stands = create_music_stands()\r\n  File \u0022C:\\Repos\\Problem-solving-using-automatically-generated-code\\ProgramTests\\ElectricalOutletTest\\bin\\Debug\\net6.0\\Electrical.py\u0022, line 16, in create_music_stands\r\n    return list(range(n))\r\nNameError: name \u0027n\u0027 is not defined\r\n\u0027"
        },
        {
            "Input": "4\r\n0 384 160 239 \r\n384 0 173 276 \r\n160 173 0 304 \r\n239 276 304 0 \r\n",
            "Output": "",
            "CorrectOutput": false,
            "FailMessage": "Error during runtime: \u0027Traceback (most recent call last):\r\n  File \u0022C:\\Repos\\Problem-solving-using-automatically-generated-code\\ProgramTests\\ElectricalOutletTest\\bin\\Debug\\net6.0\\Electrical.py\u0022, line 60, in \u003Cmodule\u003E\r\n    music_stands = create_music_stands()\r\n  File \u0022C:\\Repos\\Problem-solving-using-automatically-generated-code\\ProgramTests\\ElectricalOutletTest\\bin\\Debug\\net6.0\\Electrical.py\u0022, line 16, in create_music_stands\r\n    return list(range(n))\r\nNameError: name \u0027n\u0027 is not defined\r\n\u0027"
        },
        {
            "Input": "8\r\n0 145 267 312 232 270 286 148 \r\n145 0 396 334 360 297 333 181 \r\n267 396 0 307 369 130 322 270 \r\n312 334 307 0 332 110 319 255 \r\n232 360 369 332 0 380 181 149 \r\n270 297 130 110 380 0 104 166 \r\n286 333 322 319 181 104 0 150 \r\n148 181 270 255 149 166 150 0 \r\n",
            "Output": "",
            "CorrectOutput": false,
            "FailMessage": "Error during runtime: \u0027Traceback (most recent call last):\r\n  File \u0022C:\\Repos\\Problem-solving-using-automatically-generated-code\\ProgramTests\\ElectricalOutletTest\\bin\\Debug\\net6.0\\Electrical.py\u0022, line 60, in \u003Cmodule\u003E\r\n    music_stands = create_music_stands()\r\n  File \u0022C:\\Repos\\Problem-solving-using-automatically-generated-code\\ProgramTests\\ElectricalOutletTest\\bin\\Debug\\net6.0\\Electrical.py\u0022, line 16, in create_music_stands\r\n    return list(range(n))\r\nNameError: name \u0027n\u0027 is not defined\r\n\u0027"
        },
        {
            "Input": "6\r\n0 124 311 243 283 262 \r\n124 0 149 398 387 219 \r\n311 149 0 127 347 233 \r\n243 398 127 0 346 230 \r\n283 387 347 346 0 225 \r\n262 219 233 230 225 0 \r\n",
            "Output": "",
            "CorrectOutput": false,
            "FailMessage": "Error during runtime: \u0027Traceback (most recent call last):\r\n  File \u0022C:\\Repos\\Problem-solving-using-automatically-generated-code\\ProgramTests\\ElectricalOutletTest\\bin\\Debug\\net6.0\\Electrical.py\u0022, line 60, in \u003Cmodule\u003E\r\n    music_stands = create_music_stands()\r\n  File \u0022C:\\Repos\\Problem-solving-using-automatically-generated-code\\ProgramTests\\ElectricalOutletTest\\bin\\Debug\\net6.0\\Electrical.py\u0022, line 16, in create_music_stands\r\n    return list(range(n))\r\nNameError: name \u0027n\u0027 is not defined\r\n\u0027"
        },
        {
            "Input": "8\r\n0 285 186 207 263 247 316 217 \r\n285 0 264 109 221 158 266 109 \r\n186 264 0 326 194 343 348 104 \r\n207 109 326 0 300 286 285 165 \r\n263 221 194 300 0 209 356 395 \r\n247 158 343 286 209 0 143 171 \r\n316 266 348 285 356 143 0 258 \r\n217 109 104 165 395 171 258 0 \r\n",
            "Output": "",
            "CorrectOutput": false,
            "FailMessage": "Error during runtime: \u0027Traceback (most recent call last):\r\n  File \u0022C:\\Repos\\Problem-solving-using-automatically-generated-code\\ProgramTests\\ElectricalOutletTest\\bin\\Debug\\net6.0\\Electrical.py\u0022, line 60, in \u003Cmodule\u003E\r\n    music_stands = create_music_stands()\r\n  File \u0022C:\\Repos\\Problem-solving-using-automatically-generated-code\\ProgramTests\\ElectricalOutletTest\\bin\\Debug\\net6.0\\Electrical.py\u0022, line 16, in create_music_stands\r\n    return list(range(n))\r\nNameError: name \u0027n\u0027 is not defined\r\n\u0027"
        },
        {
            "Input": "7\r\n0 381 208 196 389 317 121 \r\n381 0 167 180 200 317 175 \r\n208 167 0 357 115 344 173 \r\n196 180 357 0 248 108 394 \r\n389 200 115 248 0 158 151 \r\n317 317 344 108 158 0 188 \r\n121 175 173 394 151 188 0 \r\n",
            "Output": "",
            "CorrectOutput": false,
            "FailMessage": "Error during runtime: \u0027Traceback (most recent call last):\r\n  File \u0022C:\\Repos\\Problem-solving-using-automatically-generated-code\\ProgramTests\\ElectricalOutletTest\\bin\\Debug\\net6.0\\Electrical.py\u0022, line 60, in \u003Cmodule\u003E\r\n    music_stands = create_music_stands()\r\n  File \u0022C:\\Repos\\Problem-solving-using-automatically-generated-code\\ProgramTests\\ElectricalOutletTest\\bin\\Debug\\net6.0\\Electrical.py\u0022, line 16, in create_music_stands\r\n    return list(range(n))\r\nNameError: name \u0027n\u0027 is not defined\r\n\u0027"
        },
        {
            "Input": "4\r\n0 207 185 239 \r\n207 0 289 153 \r\n185 289 0 301 \r\n239 153 301 0 \r\n",
            "Output": "",
            "CorrectOutput": false,
            "FailMessage": "Error during runtime: \u0027Traceback (most recent call last):\r\n  File \u0022C:\\Repos\\Problem-solving-using-automatically-generated-code\\ProgramTests\\ElectricalOutletTest\\bin\\Debug\\net6.0\\Electrical.py\u0022, line 60, in \u003Cmodule\u003E\r\n    music_stands = create_music_stands()\r\n  File \u0022C:\\Repos\\Problem-solving-using-automatically-generated-code\\ProgramTests\\ElectricalOutletTest\\bin\\Debug\\net6.0\\Electrical.py\u0022, line 16, in create_music_stands\r\n    return list(range(n))\r\nNameError: name \u0027n\u0027 is not defined\r\n\u0027"
        },
        {
            "Input": "4\r\n0 374 192 304 \r\n374 0 286 311 \r\n192 286 0 123 \r\n304 311 123 0 \r\n",
            "Output": "",
            "CorrectOutput": false,
            "FailMessage": "Error during runtime: \u0027Traceback (most recent call last):\r\n  File \u0022C:\\Repos\\Problem-solving-using-automatically-generated-code\\ProgramTests\\ElectricalOutletTest\\bin\\Debug\\net6.0\\Electrical.py\u0022, line 60, in \u003Cmodule\u003E\r\n    music_stands = create_music_stands()\r\n  File \u0022C:\\Repos\\Problem-solving-using-automatically-generated-code\\ProgramTests\\ElectricalOutletTest\\bin\\Debug\\net6.0\\Electrical.py\u0022, line 16, in create_music_stands\r\n    return list(range(n))\r\nNameError: name \u0027n\u0027 is not defined\r\n\u0027"
        },
        {
            "Input": "6\r\n0 138 297 240 287 264 \r\n138 0 221 298 337 369 \r\n297 221 0 239 100 162 \r\n240 298 239 0 394 146 \r\n287 337 100 394 0 266 \r\n264 369 162 146 266 0 \r\n",
            "Output": "",
            "CorrectOutput": false,
            "FailMessage": "Error during runtime: \u0027Traceback (most recent call last):\r\n  File \u0022C:\\Repos\\Problem-solving-using-automatically-generated-code\\ProgramTests\\ElectricalOutletTest\\bin\\Debug\\net6.0\\Electrical.py\u0022, line 60, in \u003Cmodule\u003E\r\n    music_stands = create_music_stands()\r\n  File \u0022C:\\Repos\\Problem-solving-using-automatically-generated-code\\ProgramTests\\ElectricalOutletTest\\bin\\Debug\\net6.0\\Electrical.py\u0022, line 16, in create_music_stands\r\n    return list(range(n))\r\nNameError: name \u0027n\u0027 is not defined\r\n\u0027"
        },
        {
            "Input": "9\r\n0 343 317 103 241 281 103 355 338 \r\n343 0 139 267 191 310 215 245 281 \r\n317 139 0 112 137 167 280 192 294 \r\n103 267 112 0 309 397 350 335 205 \r\n241 191 137 309 0 256 353 338 396 \r\n281 310 167 397 256 0 282 259 150 \r\n103 215 280 350 353 282 0 172 133 \r\n355 245 192 335 338 259 172 0 241 \r\n338 281 294 205 396 150 133 241 0 \r\n",
            "Output": "",
            "CorrectOutput": false,
            "FailMessage": "Error during runtime: \u0027Traceback (most recent call last):\r\n  File \u0022C:\\Repos\\Problem-solving-using-automatically-generated-code\\ProgramTests\\ElectricalOutletTest\\bin\\Debug\\net6.0\\Electrical.py\u0022, line 60, in \u003Cmodule\u003E\r\n    music_stands = create_music_stands()\r\n  File \u0022C:\\Repos\\Problem-solving-using-automatically-generated-code\\ProgramTests\\ElectricalOutletTest\\bin\\Debug\\net6.0\\Electrical.py\u0022, line 16, in create_music_stands\r\n    return list(range(n))\r\nNameError: name \u0027n\u0027 is not defined\r\n\u0027"
        },
        {
            "Input": "5\r\n0 331 210 173 285 \r\n331 0 181 166 156 \r\n210 181 0 372 188 \r\n173 166 372 0 308 \r\n285 156 188 308 0 \r\n",
            "Output": "",
            "CorrectOutput": false,
