{
    "SucceededTests": [],
    "FailedTests": [
        {
            "Input": "6\r\n0 139 235 293 188 172 \r\n139 0 264 102 377 247 \r\n235 264 0 213 343 153 \r\n293 102 213 0 133 125 \r\n188 377 343 133 0 332 \r\n172 247 153 125 332 0 \r\n",
            "Output": "652\r\n",
            "CorrectOutput": false,
            "FailMessage": "Output not formatted correctly"
        },
        {
            "Input": "9\r\n0 329 359 306 117 358 170 219 159 \r\n329 0 105 118 239 385 326 116 207 \r\n359 105 0 373 392 380 236 353 111 \r\n306 118 373 0 282 338 180 183 206 \r\n117 239 392 282 0 229 361 223 256 \r\n358 385 380 338 229 0 297 183 223 \r\n170 326 236 180 361 297 0 321 221 \r\n219 116 353 183 223 183 321 0 298 \r\n159 207 111 206 256 223 221 298 0 \r\n",
            "Output": "1079\r\n",
            "CorrectOutput": false,
            "FailMessage": "Output not formatted correctly"
        },
        {
            "Input": "4\r\n0 324 385 309 \r\n324 0 312 224 \r\n385 312 0 223 \r\n309 224 223 0 \r\n",
            "Output": "756\r\n",
            "CorrectOutput": false,
            "FailMessage": "Output not formatted correctly"
        },
        {
            "Input": "4\r\n0 349 104 204 \r\n349 0 115 358 \r\n104 115 0 155 \r\n204 358 155 0 \r\n",
            "Output": "374\r\n",
            "CorrectOutput": false,
            "FailMessage": "Output not formatted correctly"
        },
        {
            "Input": "8\r\n0 250 348 315 140 306 287 398 \r\n250 0 132 282 220 136 291 184 \r\n348 132 0 101 319 281 323 285 \r\n315 282 101 0 217 208 330 149 \r\n140 220 319 217 0 253 272 131 \r\n306 136 281 208 253 0 267 189 \r\n287 291 323 330 272 267 0 327 \r\n398 184 285 149 131 189 327 0 \r\n",
            "Output": "1056\r\n",
            "CorrectOutput": false,
            "FailMessage": "Output not formatted correctly"
        },
        {
            "Input": "6\r\n0 122 212 152 294 264 \r\n122 0 306 202 288 164 \r\n212 306 0 192 150 321 \r\n152 202 192 0 152 247 \r\n294 288 150 152 0 110 \r\n264 164 321 247 110 0 \r\n",
            "Output": "686\r\n",
            "CorrectOutput": false,
            "FailMessage": "Output not formatted correctly"
        },
        {
            "Input": "6\r\n0 329 282 180 238 115 \r\n329 0 114 384 333 251 \r\n282 114 0 158 384 287 \r\n180 384 158 0 344 335 \r\n238 333 384 344 0 263 \r\n115 251 287 335 263 0 \r\n",
            "Output": "805\r\n",
            "CorrectOutput": false,
            "FailMessage": "Output not formatted correctly"
        },
        {
            "Input": "9\r\n0 314 213 396 360 136 390 123 224 \r\n314 0 229 292 339 277 150 309 237 \r\n213 229 0 352 126 327 292 237 210 \r\n396 292 352 0 124 307 371 304 208 \r\n360 339 126 124 0 213 246 331 217 \r\n136 277 327 307 213 0 139 396 128 \r\n390 150 292 371 246 139 0 136 299 \r\n123 309 237 304 331 396 136 0 358 \r\n224 237 210 208 217 128 299 358 0 \r\n",
            "Output": "1131\r\n",
            "CorrectOutput": false,
            "FailMessage": "Output not formatted correctly"
        },
        {
            "Input": "6\r\n0 202 333 359 349 299 \r\n202 0 175 174 333 162 \r\n333 175 0 305 392 311 \r\n359 174 305 0 174 141 \r\n349 333 392 174 0 109 \r\n299 162 311 141 109 0 \r\n",
            "Output": "789\r\n",
            "CorrectOutput": false,
            "FailMessage": "Output not formatted correctly"
        },
        {
            "Input": "7\r\n0 365 217 212 134 119 338 \r\n365 0 187 180 312 316 288 \r\n217 187 0 371 224 243 329 \r\n212 180 371 0 255 210 299 \r\n134 312 224 255 0 110 324 \r\n119 316 243 210 110 0 389 \r\n338 288 329 299 324 389 0 \r\n",
            "Output": "1094\r\n",
            "CorrectOutput": false,
            "FailMessage": "Output not formatted correctly"
        },
        {
            "Input": "8\r\n0 178 150 257 221 185 166 125 \r\n178 0 256 157 122 310 140 381 \r\n150 256 0 216 238 389 316 145 \r\n257 157 216 0 252 270 309 356 \r\n221 122 238 252 0 357 123 256 \r\n185 310 389 270 357 0 306 334 \r\n166 140 316 309 123 306 0 221 \r\n125 381 145 356 256 334 221 0 \r\n",
            "Output": "1023\r\n",
            "CorrectOutput": false,
            "FailMessage": "Output not formatted correctly"
        },
        {
            "Input": "9\r\n0 372 194 232 309 234 209 286 351 \r\n372 0 259 213 337 218 341 306 360 \r\n194 259 0 247 171 311 307 373 116 \r\n232 213 247 0 158 137 176 209 131 \r\n309 337 171 158 0 398 127 322 201 \r\n234 218 311 137 398 0 209 197 131 \r\n209 341 307 176 127 209 0 127 391 \r\n286 306 373 209 322 197 127 0 287 \r\n351 360 116 131 201 131 391 287 0 \r\n",
            "Output": "1197\r\n",
            "CorrectOutput": false,
            "FailMessage": "Output not formatted correctly"
        },
        {
            "Input": "8\r\n0 177 192 315 241 181 269 151 \r\n177 0 232 312 298 135 367 280 \r\n192 232 0 375 135 193 124 219 \r\n315 312 375 0 259 367 330 146 \r\n241 298 135 259 0 210 290 285 \r\n181 135 193 367 210 0 327 181 \r\n269 367 124 330 290 327 0 266 \r\n151 280 219 146 285 181 266 0 \r\n",
            "Output": "1060\r\n",
            "CorrectOutput": false,
            "FailMessage": "Output not formatted correctly"
        },
        {
            "Input": "5\r\n0 249 125 186 296 \r\n249 0 202 356 146 \r\n125 202 0 369 299 \r\n186 356 369 0 242 \r\n296 146 299 242 0 \r\n",
            "Output": "659\r\n",
            "CorrectOutput": false,
            "FailMessage": "Output not formatted correctly"
        },
        {
            "Input": "7\r\n0 399 160 165 230 378 287 \r\n399 0 352 208 190 373 190 \r\n160 352 0 160 136 125 233 \r\n165 208 160 0 199 101 246 \r\n230 190 136 199 0 129 358 \r\n378 373 125 101 129 0 267 \r\n287 190 233 246 358 267 0 \r\n",
            "Output": "895\r\n",
            "CorrectOutput": false,
            "FailMessage": "Output not formatted correctly"
        },
        {
            "Input": "7\r\n0 366 194 353 342 162 173 \r\n366 0 109 236 302 199 206 \r\n194 109 0 391 367 305 389 \r\n353 236 391 0 114 146 326 \r\n342 302 367 114 0 229 196 \r\n162 199 305 146 229 0 121 \r\n173 206 389 326 196 121 0 \r\n",
            "Output": "846\r\n",
            "CorrectOutput": false,
            "FailMessage": "Output not formatted correctly"
        },
        {
            "Input": "4\r\n0 115 376 354 \r\n115 0 293 208 \r\n376 293 0 288 \r\n354 208 288 0 \r\n",
            "Output": "611\r\n",
            "CorrectOutput": false,
            "FailMessage": "Output not formatted correctly"
        },
        {
            "Input": "9\r\n0 169 214 226 276 145 331 392 239 \r\n169 0 108 212 115 126 157 326 255 \r\n214 108 0 348 192 124 355 288 373 \r\n226 212 348 0 183 296 357 365 144 \r\n276 115 192 183 0 261 104 205 113 \r\n145 126 124 296 261 0 311 249 140 \r\n331 157 355 357 104 311 0 298 274 \r\n392 326 288 365 205 249 298 0 149 \r\n239 255 373 144 113 140 274 149 0 \r\n",
            "Output": "1002\r\n",
            "CorrectOutput": false,
            "FailMessage": "Output not formatted correctly"
        },
        {
            "Input": "9\r\n0 295 224 158 391 291 110 164 188 \r\n295 0 170 288 150 191 214 113 157 \r\n224 170 0 348 393 369 319 106 293 \r\n158 288 348 0 172 243 186 314 208 \r\n391 150 393 172 0 185 134 234 195 \r\n291 191 369 243 185 0 112 347 293 \r\n110 214 319 186 134 112 0 179 366 \r\n164 113 106 314 234 347 179 0 355 \r\n188 157 293 208 195 293 366 355 0 \r\n",
            "Output": "1040\r\n",
            "CorrectOutput": false,
            "FailMessage": "Output not formatted correctly"
        },
        {
            "Input": "4\r\n0 347 346 302 \r\n347 0 325 130 \r\n346 325 0 184 \r\n302 130 184 0 \r\n",
            "Output": "616\r\n",
            "CorrectOutput": false,
            "FailMessage": "Output not formatted correctly"
        },
        {
            "Input": "7\r\n0 230 204 284 157 297 155 \r\n230 0 178 209 357 336 224 \r\n204 178 0 186 273 221 226 \r\n284 209 186 0 281 383 312 \r\n157 357 273 281 0 288 242 \r\n297 336 221 383 288 0 173 \r\n155 224 226 312 242 173 0 \r\n",
            "Output": "1053\r\n",
            "CorrectOutput": false,
            "FailMessage": "Output not formatted correctly"
        },
        {
            "Input": "9\r\n0 317 190 104 300 222 322 126 235 \r\n317 0 161 158 132 230 111 333 307 \r\n190 161 0 234 104 234 273 252 385 \r\n104 158 234 0 320 164 342 318 150 \r\n300 132 104 320 0 161 201 228 315 \r\n222 230 234 164 161 0 393 350 374 \r\n322 111 273 342 201 393 0 218 127 \r\n126 333 252 318 228 350 218 0 291 \r\n235 307 385 150 315 374 127 291 0 \r\n",
            "Output": "1015\r\n",
            "CorrectOutput": false,
            "FailMessage": "Output not formatted correctly"
        },
        {
            "Input": "4\r\n0 351 251 165 \r\n351 0 368 282 \r\n251 368 0 216 \r\n165 282 216 0 \r\n",
            "Output": "663\r\n",
            "CorrectOutput": false,
            "FailMessage": "Output not formatted correctly"
        },
        {
            "Input": "9\r\n0 148 132 254 158 176 163 167 260 \r\n148 0 395 371 249 214 354 155 133 \r\n132 395 0 299 170 220 229 207 123 \r\n254 371 299 0 228 109 229 193 350 \r\n158 249 170 228 0 180 103 375 296 \r\n176 214 220 109 180 0 132 224 224 \r\n163 354 229 229 103 132 0 302 384 \r\n167 155 207 193 375 224 302 0 126 \r\n260 133 123 350 296 224 384 126 0 \r\n",
            "Output": "1016\r\n",
            "CorrectOutput": false,
            "FailMessage": "Output not formatted correctly"
        },
        {
            "Input": "4\r\n0 149 169 153 \r\n149 0 131 255 \r\n169 131 0 190 \r\n153 255 190 0 \r\n",
            "Output": "433\r\n",
            "CorrectOutput": false,
            "FailMessage": "Output not formatted correctly"
        },
        {
            "Input": "7\r\n0 204 139 386 262 308 334 \r\n204 0 188 104 145 377 209 \r\n139 188 0 180 395 168 387 \r\n386 104 180 0 272 154 373 \r\n262 145 395 272 0 153 103 \r\n308 377 168 154 153 0 133 \r\n334 209 387 373 103 133 0 \r\n",
            "Output": "792\r\n",
            "CorrectOutput": false,
            "FailMessage": "Output not formatted correctly"
        },
        {
            "Input": "6\r\n0 273 234 386 389 301 \r\n273 0 132 181 379 103 \r\n234 132 0 193 265 110 \r\n386 181 193 0 283 219 \r\n389 379 265 283 0 131 \r\n301 103 110 219 131 0 \r\n",
            "Output": "759\r\n",
            "CorrectOutput": false,
            "FailMessage": "Output not formatted correctly"
        },
        {
            "Input": "7\r\n0 382 372 385 377 372 324 \r\n382 0 279 104 284 107 119 \r\n372 279 0 297 219 263 195 \r\n385 104 297 0 335 303 240 \r\n377 284 219 335 0 154 129 \r\n372 107 263 303 154 0 249 \r\n324 119 195 240 129 249 0 \r\n",
            "Output": "978\r\n",
            "CorrectOutput": false,
            "FailMessage": "Output not formatted correctly"
        },
        {
            "Input": "6\r\n0 102 247 307 325 130 \r\n102 0 164 232 243 263 \r\n247 164 0 377 216 201 \r\n307 232 377 0 168 128 \r\n325 243 216 168 0 319 \r\n130 263 201 128 319 0 \r\n",
            "Output": "692\r\n",
            "CorrectOutput": false,
            "FailMessage": "Output not formatted correctly"
        },
        {
            "Input": "6\r\n0 344 181 159 229 171 \r\n344 0 381 255 109 149 \r\n181 381 0 197 232 182 \r\n159 255 197 0 295 183 \r\n229 109 232 295 0 129 \r\n171 149 182 183 129 0 \r\n",
            "Output": "749\r\n",
            "CorrectOutput": false,
            "FailMessage": "Output not formatted correctly"
        },
        {
            "Input": "6\r\n0 330 386 260 300 170 \r\n330 0 268 145 163 115 \r\n386 268 0 322 279 207 \r\n260 145 322 0 196 349 \r\n300 163 279 196 0 231 \r\n170 115 207 349 231 0 \r\n",
            "Output": "800\r\n",
            "CorrectOutput": false,
            "FailMessage": "Output not formatted correctly"
        },
        {
            "Input": "7\r\n0 315 185 194 383 273 251 \r\n315 0 172 219 221 211 122 \r\n185 172 0 294 263 101 355 \r\n194 219 294 0 221 377 160 \r\n383 221 263 221 0 223 268 \r\n273 211 101 377 223 0 167 \r\n251 122 355 160 268 167 0 \r\n",
            "Output": "956\r\n",
            "CorrectOutput": false,
            "FailMessage": "Output not formatted correctly"
        },
        {
            "Input": "7\r\n0 365 383 390 386 354 296 \r\n365 0 244 216 345 274 225 \r\n383 244 0 280 395 387 385 \r\n390 216 280 0 194 302 254 \r\n386 345 395 194 0 112 295 \r\n354 274 387 302 112 0 268 \r\n296 225 385 254 295 268 0 \r\n",
            "Output": "1287\r\n",
            "CorrectOutput": false,
            "FailMessage": "Output not formatted correctly"
        },
        {
            "Input": "7\r\n0 328 105 295 237 204 133 \r\n328 0 374 229 212 223 175 \r\n105 374 0 352 227 355 180 \r\n295 229 352 0 139 103 295 \r\n237 212 227 139 0 392 242 \r\n204 223 355 103 392 0 264 \r\n133 175 180 295 242 264 0 \r\n",
            "Output": "859\r\n",
            "CorrectOutput": false,
            "FailMessage": "Output not formatted correctly"
        },
        {
            "Input": "5\r\n0 137 167 246 239 \r\n137 0 217 194 140 \r\n167 217 0 223 233 \r\n246 194 223 0 395 \r\n239 140 233 395 0 \r\n",
            "Output": "638\r\n",
            "CorrectOutput": false,
            "FailMessage": "Output not formatted correctly"
        },
        {
            "Input": "9\r\n0 370 198 347 339 304 324 251 184 \r\n370 0 107 290 260 295 214 178 368 \r\n198 107 0 204 376 235 369 165 182 \r\n347 290 204 0 289 137 204 211 292 \r\n339 260 376 289 0 323 276 285 181 \r\n304 295 235 137 323 0 168 134 161 \r\n324 214 369 204 276 168 0 363 379 \r\n251 178 165 211 285 134 363 0 280 \r\n184 368 182 292 181 161 379 280 0 \r\n",
            "Output": "1237\r\n",
            "CorrectOutput": false,
            "FailMessage": "Output not formatted correctly"
        },
        {
            "Input": "9\r\n0 285 157 227 194 135 161 252 184 \r\n285 0 388 362 295 134 195 346 175 \r\n157 388 0 332 217 198 226 159 255 \r\n227 362 332 0 286 208 120 118 332 \r\n194 295 217 286 0 385 256 171 308 \r\n135 134 198 208 385 0 107 231 108 \r\n161 195 226 120 256 107 0 249 353 \r\n252 346 159 118 171 231 249 0 178 \r\n184 175 255 332 308 108 353 178 0 \r\n",
            "Output": "1050\r\n",
            "CorrectOutput": false,
            "FailMessage": "Output not formatted correctly"
        },
        {
            "Input": "4\r\n0 172 232 164 \r\n172 0 137 376 \r\n232 137 0 394 \r\n164 376 394 0 \r\n",
            "Output": "473\r\n",
            "CorrectOutput": false,
            "FailMessage": "Output not formatted correctly"
        },
        {
            "Input": "6\r\n0 171 379 206 399 184 \r\n171 0 289 275 246 187 \r\n379 289 0 333 131 396 \r\n206 275 333 0 284 217 \r\n399 246 131 284 0 371 \r\n184 187 396 217 371 0 \r\n",
            "Output": "938\r\n",
            "CorrectOutput": false,
            "FailMessage": "Output not formatted correctly"
        },
        {
            "Input": "9\r\n0 171 259 114 147 120 234 191 261 \r\n171 0 262 322 150 364 184 277 364 \r\n259 262 0 146 159 193 270 123 131 \r\n114 322 146 0 237 244 251 320 131 \r\n147 150 159 237 0 171 155 277 376 \r\n120 364 193 244 171 0 150 327 327 \r\n234 184 270 251 155 150 0 342 342 \r\n191 277 123 320 277 327 342 0 119 \r\n261 364 131 131 376 327 342 119 0 \r\n",
            "Output": "1054\r\n",
            "CorrectOutput": false,
            "FailMessage": "Output not formatted correctly"
        },
        {
            "Input": "8\r\n0 398 209 179 253 274 240 391 \r\n398 0 118 217 188 250 288 285 \r\n209 118 0 298 233 245 355 373 \r\n179 217 298 0 299 266 283 190 \r\n253 188 233 299 0 391 352 121 \r\n274 250 245 266 391 0 331 250 \r\n240 288 355 283 352 331 0 201 \r\n391 285 373 190 121 250 201 0 \r\n",
            "Output": "1242\r\n",
            "CorrectOutput": false,
            "FailMessage": "Output not formatted correctly"
        },
        {
            "Input": "9\r\n0 209 328 157 136 166 206 198 244 \r\n209 0 163 166 261 150 128 185 197 \r\n328 163 0 265 251 169 374 174 140 \r\n157 166 265 0 163 202 103 196 240 \r\n136 261 251 163 0 193 388 328 299 \r\n166 150 169 202 193 0 178 371 180 \r\n206 128 374 103 388 178 0 295 398 \r\n198 185 174 196 328 371 295 0 173 \r\n244 197 140 240 299 180 398 173 0 \r\n",
            "Output": "1150\r\n",
            "CorrectOutput": false,
            "FailMessage": "Output not formatted correctly"
        },
        {
            "Input": "9\r\n0 315 275 265 270 232 394 114 129 \r\n315 0 286 328 120 177 292 388 133 \r\n275 286 0 286 375 103 351 392 129 \r\n265 328 286 0 246 345 120 112 118 \r\n270 120 375 246 0 195 318 224 178 \r\n232 177 103 345 195 0 254 335 396 \r\n394 292 351 120 318 254 0 222 189 \r\n114 388 392 112 224 335 222 0 158 \r\n129 133 129 118 178 396 189 158 0 \r\n",
            "Output": "949\r\n",
            "CorrectOutput": false,
            "FailMessage": "Output not formatted correctly"
        },
        {
            "Input": "8\r\n0 337 336 359 273 156 324 320 \r\n337 0 233 293 350 219 349 304 \r\n336 233 0 303 265 196 314 248 \r\n359 293 303 0 294 119 307 246 \r\n273 350 265 294 0 148 249 219 \r\n156 219 196 119 148 0 133 169 \r\n324 349 314 307 249 133 0 215 \r\n320 304 248 246 219 169 215 0 \r\n",
            "Output": "1140\r\n",
            "CorrectOutput": false,
            "FailMessage": "Output not formatted correctly"
        },
        {
            "Input": "8\r\n0 212 284 240 199 102 287 133 \r\n212 0 219 353 215 220 143 357 \r\n284 219 0 366 106 167 298 235 \r\n240 353 366 0 142 273 372 182 \r\n199 215 106 142 0 173 255 208 \r\n102 220 167 273 173 0 179 109 \r\n287 143 298 372 255 179 0 196 \r\n133 357 235 182 208 109 196 0 \r\n",
            "Output": "948\r\n",
            "CorrectOutput": false,
            "FailMessage": "Output not formatted correctly"
        },
        {
            "Input": "5\r\n0 206 300 273 290 \r\n206 0 374 394 236 \r\n300 374 0 206 351 \r\n273 394 206 0 351 \r\n290 236 351 351 0 \r\n",
            "Output": "921\r\n",
            "CorrectOutput": false,
            "FailMessage": "Output not formatted correctly"
        },
        {
            "Input": "6\r\n0 369 349 288 215 107 \r\n369 0 103 334 133 179 \r\n349 103 0 134 382 113 \r\n288 334 134 0 130 323 \r\n215 133 382 130 0 387 \r\n107 179 113 323 387 0 \r\n",
            "Output": "586\r\n",
            "CorrectOutput": false,
            "FailMessage": "Output not formatted correctly"
        },
        {
            "Input": "4\r\n0 285 180 367 \r\n285 0 202 128 \r\n180 202 0 334 \r\n367 128 334 0 \r\n",
            "Output": "510\r\n",
            "CorrectOutput": false,
            "FailMessage": "Output not formatted correctly"
        },
        {
            "Input": "5\r\n0 344 283 321 247 \r\n344 0 312 221 141 \r\n283 312 0 313 316 \r\n321 221 313 0 309 \r\n247 141 316 309 0 \r\n",
            "Output": "892\r\n",
            "CorrectOutput": false,
            "FailMessage": "Output not formatted correctly"
        },
        {
            "Input": "5\r\n0 349 377 302 399 \r\n349 0 306 166 136 \r\n377 306 0 342 234 \r\n302 166 342 0 215 \r\n399 136 234 215 0 \r\n",
            "Output": "838\r\n",
            "CorrectOutput": false,
            "FailMessage": "Output not formatted correctly"
        },
        {
            "Input": "9\r\n0 272 279 399 147 251 308 361 256 \r\n272 0 215 330 213 183 398 164 369 \r\n279 215 0 191 307 361 215 127 309 \r\n399 330 191 0 235 180 312 132 372 \r\n147 213 307 235 0 284 104 223 107 \r\n251 183 361 180 284 0 218 106 111 \r\n308 398 215 312 104 218 0 235 214 \r\n361 164 127 132 223 106 235 0 324 \r\n256 369 309 372 107 111 214 324 0 \r\n",
            "Output": "998\r\n",
            "CorrectOutput": false,
            "FailMessage": "Output not formatted correctly"
        },
        {
            "Input": "7\r\n0 228 222 393 398 234 283 \r\n228 0 317 136 281 121 246 \r\n222 317 0 176 109 114 309 \r\n393 136 176 0 177 331 362 \r\n398 281 109 177 0 188 172 \r\n234 121 114 331 188 0 117 \r\n283 246 309 362 172 117 0 \r\n",
            "Output": "819\r\n",
            "CorrectOutput": false,
            "FailMessage": "Output not formatted correctly"
        },
        {
            "Input": "7\r\n0 192 329 360 157 369 201 \r\n192 0 314 169 112 260 399 \r\n329 314 0 237 268 120 151 \r\n360 169 237 0 220 130 232 \r\n157 112 268 220 0 302 262 \r\n369 260 120 130 302 0 370 \r\n201 399 151 232 262 370 0 \r\n",
            "Output": "839\r\n",
            "CorrectOutput": false,
            "FailMessage": "Output not formatted correctly"
        },
        {
            "Input": "4\r\n0 335 225 395 \r\n335 0 320 296 \r\n225 320 0 191 \r\n395 296 191 0 \r\n",
            "Output": "712\r\n",
            "CorrectOutput": false,
            "FailMessage": "Output not formatted correctly"
        },
        {
            "Input": "7\r\n0 312 237 274 167 364 277 \r\n312 0 245 379 394 275 332 \r\n237 245 0 265 140 379 290 \r\n274 379 265 0 320 172 262 \r\n167 394 140 320 0 361 133 \r\n364 275 379 172 361 0 141 \r\n277 332 290 262 133 141 0 \r\n",
            "Output": "998\r\n",
            "CorrectOutput": false,
            "FailMessage": "Output not formatted correctly"
        },
        {
            "Input": "5\r\n0 354 237 397 352 \r\n354 0 217 170 183 \r\n237 217 0 331 324 \r\n397 170 331 0 103 \r\n352 183 324 103 0 \r\n",
            "Output": "727\r\n",
            "CorrectOutput": false,
            "FailMessage": "Output not formatted correctly"
        },
        {
            "Input": "5\r\n0 232 261 340 166 \r\n232 0 173 218 209 \r\n261 173 0 127 201 \r\n340 218 127 0 208 \r\n166 209 201 208 0 \r\n",
            "Output": "667\r\n",
            "CorrectOutput": false,
            "FailMessage": "Output not formatted correctly"
        },
        {
            "Input": "8\r\n0 283 168 157 284 397 323 164 \r\n283 0 365 294 121 226 285 124 \r\n168 365 0 332 298 165 223 395 \r\n157 294 332 0 321 238 331 152 \r\n284 121 298 321 0 265 296 370 \r\n397 226 165 238 265 0 254 224 \r\n323 285 223 331 296 254 0 219 \r\n164 124 395 152 370 224 219 0 \r\n",
            "Output": "1106\r\n",
            "CorrectOutput": false,
            "FailMessage": "Output not formatted correctly"
        },
        {
            "Input": "6\r\n0 290 211 155 349 163 \r\n290 0 307 326 186 253 \r\n211 307 0 180 213 290 \r\n155 326 180 0 265 100 \r\n349 186 213 265 0 360 \r\n163 253 290 100 360 0 \r\n",
            "Output": "834\r\n",
            "CorrectOutput": false,
            "FailMessage": "Output not formatted correctly"
        },
        {
            "Input": "8\r\n0 183 395 107 115 193 153 362 \r\n183 0 188 176 151 393 185 277 \r\n395 188 0 243 282 245 125 240 \r\n107 176 243 0 143 275 330 122 \r\n115 151 282 143 0 343 219 255 \r\n193 393 245 275 343 0 282 171 \r\n153 185 125 330 219 282 0 137 \r\n362 277 240 122 255 171 137 0 \r\n",
            "Output": "928\r\n",
            "CorrectOutput": false,
            "FailMessage": "Output not formatted correctly"
        },
        {
            "Input": "9\r\n0 117 269 342 108 129 204 230 231 \r\n117 0 123 382 155 274 261 169 279 \r\n269 123 0 126 208 239 256 264 135 \r\n342 382 126 0 332 262 299 153 196 \r\n108 155 208 332 0 252 267 211 304 \r\n129 274 239 262 252 0 187 338 178 \r\n204 261 256 299 267 187 0 149 165 \r\n230 169 264 153 211 338 149 0 351 \r\n231 279 135 196 304 178 165 351 0 \r\n",
            "Output": "1040\r\n",
            "CorrectOutput": false,
            "FailMessage": "Output not formatted correctly"
        },
        {
            "Input": "9\r\n0 337 201 305 110 307 366 102 375 \r\n337 0 297 125 131 290 358 343 308 \r\n201 297 0 262 229 344 323 241 188 \r\n305 125 262 0 246 384 292 301 289 \r\n110 131 229 246 0 239 265 358 246 \r\n307 290 344 384 239 0 151 348 355 \r\n366 358 323 292 265 151 0 173 362 \r\n102 343 241 301 358 348 173 0 263 \r\n375 308 188 289 246 355 362 263 0 \r\n",
            "Output": "1181\r\n",
            "CorrectOutput": false,
            "FailMessage": "Output not formatted correctly"
        },
        {
            "Input": "4\r\n0 338 235 171 \r\n338 0 114 194 \r\n235 114 0 165 \r\n171 194 165 0 \r\n",
            "Output": "450\r\n",
            "CorrectOutput": false,
            "FailMessage": "Output not formatted correctly"
        },
        {
            "Input": "4\r\n0 154 128 310 \r\n154 0 389 334 \r\n128 389 0 257 \r\n310 334 257 0 \r\n",
            "Output": "539\r\n",
            "CorrectOutput": false,
            "FailMessage": "Output not formatted correctly"
        },
        {
            "Input": "4\r\n0 133 235 225 \r\n133 0 131 252 \r\n235 131 0 144 \r\n225 252 144 0 \r\n",
            "Output": "408\r\n",
            "CorrectOutput": false,
            "FailMessage": "Output not formatted correctly"
        },
        {
            "Input": "8\r\n0 183 355 176 101 355 121 340 \r\n183 0 145 341 335 357 372 296 \r\n355 145 0 350 186 270 336 172 \r\n176 341 350 0 224 243 364 121 \r\n101 335 186 224 0 205 310 107 \r\n355 357 270 243 205 0 375 134 \r\n121 372 336 364 310 375 0 371 \r\n340 296 172 121 107 134 371 0 \r\n",
            "Output": "901\r\n",
            "CorrectOutput": false,
            "FailMessage": "Output not formatted correctly"
        },
        {
            "Input": "8\r\n0 365 245 207 362 230 335 296 \r\n365 0 224 274 146 146 375 235 \r\n245 224 0 279 295 372 193 203 \r\n207 274 279 0 386 373 146 319 \r\n362 146 295 386 0 199 339 200 \r\n230 146 372 373 199 0 276 279 \r\n335 375 193 146 339 276 0 242 \r\n296 235 203 319 200 279 242 0 \r\n",
            "Output": "1241\r\n",
            "CorrectOutput": false,
            "FailMessage": "Output not formatted correctly"
        },
        {
            "Input": "4\r\n0 361 149 260 \r\n361 0 143 242 \r\n149 143 0 107 \r\n260 242 107 0 \r\n",
            "Output": "399\r\n",
            "CorrectOutput": false,
            "FailMessage": "Output not formatted correctly"
        },
        {
            "Input": "4\r\n0 133 189 237 \r\n133 0 205 242 \r\n189 205 0 381 \r\n237 242 381 0 \r\n",
            "Output": "559\r\n",
            "CorrectOutput": false,
            "FailMessage": "Output not formatted correctly"
        },
        {
            "Input": "5\r\n0 362 105 138 220 \r\n362 0 148 323 343 \r\n105 148 0 158 199 \r\n138 323 158 0 363 \r\n220 343 199 363 0 \r\n",
            "Output": "590\r\n",
            "CorrectOutput": false,
            "FailMessage": "Output not formatted correctly"
        },
        {
            "Input": "7\r\n0 330 316 119 266 336 153 \r\n330 0 205 267 170 330 327 \r\n316 205 0 184 384 358 347 \r\n119 267 184 0 297 187 125 \r\n266 170 384 297 0 134 118 \r\n336 330 358 187 134 0 174 \r\n153 327 347 125 118 174 0 \r\n",
            "Output": "850\r\n",
            "CorrectOutput": false,
            "FailMessage": "Output not formatted correctly"
        },
        {
            "Input": "8\r\n0 272 266 255 284 269 130 191 \r\n272 0 317 119 253 315 216 306 \r\n266 317 0 340 337 211 208 313 \r\n255 119 340 0 256 231 269 246 \r\n284 253 337 256 0 152 105 243 \r\n269 315 211 231 152 0 271 237 \r\n130 216 208 269 105 271 0 177 \r\n191 306 313 246 243 237 177 0 \r\n",
            "Output": "1107\r\n",
            "CorrectOutput": false,
            "FailMessage": "Output not formatted correctly"
        },
        {
            "Input": "7\r\n0 207 346 371 275 220 235 \r\n207 0 397 375 211 290 389 \r\n346 397 0 329 354 357 322 \r\n371 375 329 0 182 223 209 \r\n275 211 354 182 0 218 190 \r\n220 290 357 223 218 0 205 \r\n235 389 322 209 190 205 0 \r\n",
            "Output": "1317\r\n",
            "CorrectOutput": false,
            "FailMessage": "Output not formatted correctly"
        },
        {
            "Input": "5\r\n0 188 125 237 121 \r\n188 0 341 112 294 \r\n125 341 0 222 246 \r\n237 112 222 0 130 \r\n121 294 246 130 0 \r\n",
            "Output": "488\r\n",
            "CorrectOutput": false,
            "FailMessage": "Output not formatted correctly"
        },
        {
            "Input": "5\r\n0 146 260 149 193 \r\n146 0 252 249 286 \r\n260 252 0 179 108 \r\n149 249 179 0 328 \r\n193 286 108 328 0 \r\n",
            "Output": "582\r\n",
            "CorrectOutput": false,
            "FailMessage": "Output not formatted correctly"
        },
        {
            "Input": "5\r\n0 337 207 303 272 \r\n337 0 378 154 189 \r\n207 378 0 274 117 \r\n303 154 274 0 299 \r\n272 189 117 299 0 \r\n",
            "Output": "667\r\n",
            "CorrectOutput": false,
            "FailMessage": "Output not formatted correctly"
        },
        {
            "Input": "8\r\n0 124 187 266 374 246 283 383 \r\n124 0 279 325 278 350 131 162 \r\n187 279 0 332 124 162 272 127 \r\n266 325 332 0 284 389 197 260 \r\n374 278 124 284 0 173 273 327 \r\n246 350 162 389 173 0 377 120 \r\n283 131 272 197 273 377 0 184 \r\n383 162 127 260 327 120 184 0 \r\n",
            "Output": "985\r\n",
            "CorrectOutput": false,
            "FailMessage": "Output not formatted correctly"
        },
        {
            "Input": "4\r\n0 289 377 243 \r\n289 0 114 259 \r\n377 114 0 118 \r\n243 259 118 0 \r\n",
            "Output": "475\r\n",
            "CorrectOutput": false,
            "FailMessage": "Output not formatted correctly"
        },
        {
            "Input": "7\r\n0 262 383 338 370 247 335 \r\n262 0 276 259 110 106 120 \r\n383 276 0 166 103 275 195 \r\n338 259 166 0 131 390 113 \r\n370 110 103 131 0 350 248 \r\n247 106 275 390 350 0 219 \r\n335 120 195 113 248 219 0 \r\n",
            "Output": "799\r\n",
            "CorrectOutput": false,
            "FailMessage": "Output not formatted correctly"
        },
        {
            "Input": "4\r\n0 161 200 149 \r\n161 0 277 316 \r\n200 277 0 150 \r\n149 316 150 0 \r\n",
            "Output": "460\r\n",
            "CorrectOutput": false,
            "FailMessage": "Output not formatted correctly"
        },
        {
            "Input": "7\r\n0 291 305 314 321 174 272 \r\n291 0 201 333 339 336 302 \r\n305 201 0 280 137 368 124 \r\n314 333 280 0 235 381 165 \r\n321 339 137 235 0 210 232 \r\n174 336 368 381 210 0 159 \r\n272 302 124 165 232 159 0 \r\n",
            "Output": "960\r\n",
            "CorrectOutput": false,
            "FailMessage": "Output not formatted correctly"
        },
        {
            "Input": "7\r\n0 219 340 282 298 382 125 \r\n219 0 130 175 395 237 370 \r\n340 130 0 254 302 339 330 \r\n282 175 254 0 134 312 133 \r\n298 395 302 134 0 117 242 \r\n382 237 339 312 117 0 320 \r\n125 370 330 133 242 320 0 \r\n",
            "Output": "814\r\n",
            "CorrectOutput": false,
            "FailMessage": "Output not formatted correctly"
        },
        {
            "Input": "5\r\n0 379 118 391 340 \r\n379 0 164 201 279 \r\n118 164 0 325 324 \r\n391 201 325 0 175 \r\n340 279 324 175 0 \r\n",
            "Output": "658\r\n",
            "CorrectOutput": false,
            "FailMessage": "Output not formatted correctly"
        },
        {
            "Input": "8\r\n0 197 394 267 251 299 164 380 \r\n197 0 283 326 239 282 339 348 \r\n394 283 0 156 232 185 331 379 \r\n267 326 156 0 303 155 239 371 \r\n251 239 232 303 0 313 233 260 \r\n299 282 185 155 313 0 345 141 \r\n164 339 331 239 233 345 0 314 \r\n380 348 379 371 260 141 314 0 \r\n",
            "Output": "1278\r\n",
            "CorrectOutput": false,
            "FailMessage": "Output not formatted correctly"
        },
        {
            "Input": "4\r\n0 185 244 370 \r\n185 0 115 224 \r\n244 115 0 363 \r\n370 224 363 0 \r\n",
            "Output": "524\r\n",
            "CorrectOutput": false,
            "FailMessage": "Output not formatted correctly"
        },
        {
            "Input": "8\r\n0 295 181 292 108 248 302 330 \r\n295 0 320 268 261 105 249 382 \r\n181 320 0 169 390 254 343 127 \r\n292 268 169 0 262 375 135 283 \r\n108 261 390 262 0 107 376 376 \r\n248 105 254 375 107 0 218 232 \r\n302 249 343 135 376 218 0 368 \r\n330 382 127 283 376 232 368 0 \r\n",
            "Output": "932\r\n",
            "CorrectOutput": false,
            "FailMessage": "Output not formatted correctly"
        },
        {
            "Input": "7\r\n0 128 239 230 273 194 387 \r\n128 0 291 187 308 361 104 \r\n239 291 0 206 194 251 122 \r\n230 187 206 0 311 102 120 \r\n273 308 194 311 0 160 395 \r\n194 361 251 102 160 0 111 \r\n387 104 122 120 395 111 0 \r\n",
            "Output": "727\r\n",
            "CorrectOutput": false,
            "FailMessage": "Output not formatted correctly"
        },
        {
            "Input": "4\r\n0 181 305 320 \r\n181 0 253 176 \r\n305 253 0 291 \r\n320 176 291 0 \r\n",
            "Output": "610\r\n",
            "CorrectOutput": false,
            "FailMessage": "Output not formatted correctly"
        },
        {
            "Input": "5\r\n0 253 259 318 174 \r\n253 0 182 211 379 \r\n259 182 0 213 227 \r\n318 211 213 0 270 \r\n174 379 227 270 0 \r\n",
            "Output": "794\r\n",
            "CorrectOutput": false,
            "FailMessage": "Output not formatted correctly"
        },
        {
            "Input": "7\r\n0 131 298 311 294 348 301 \r\n131 0 308 150 277 165 135 \r\n298 308 0 227 248 383 366 \r\n311 150 227 0 128 330 233 \r\n294 277 248 128 0 171 306 \r\n348 165 383 330 171 0 337 \r\n301 135 366 233 306 337 0 \r\n",
            "Output": "936\r\n",
            "CorrectOutput": false,
            "FailMessage": "Output not formatted correctly"
        },
        {
            "Input": "7\r\n0 292 290 197 380 206 376 \r\n292 0 330 298 332 188 105 \r\n290 330 0 326 158 310 175 \r\n197 298 326 0 371 356 206 \r\n380 332 158 371 0 356 157 \r\n206 188 310 356 356 0 397 \r\n376 105 175 206 157 397 0 \r\n",
            "Output": "1011\r\n",
            "CorrectOutput": false,
            "FailMessage": "Output not formatted correctly"
        },
        {
            "Input": "9\r\n0 239 356 212 120 290 136 250 258 \r\n239 0 117 231 194 329 168 207 156 \r\n356 117 0 139 236 258 311 339 233 \r\n212 231 139 0 142 291 277 255 219 \r\n120 194 236 142 0 378 170 254 302 \r\n290 329 258 291 378 0 293 133 285 \r\n136 168 311 277 170 293 0 398 363 \r\n250 207 339 255 254 133 398 0 153 \r\n258 156 233 219 302 285 363 153 0 \r\n",
            "Output": "1096\r\n",
            "CorrectOutput": false,
            "FailMessage": "Output not formatted correctly"
        },
        {
            "Input": "5\r\n0 150 169 244 173 \r\n150 0 297 218 355 \r\n169 297 0 119 307 \r\n244 218 119 0 246 \r\n173 355 307 246 0 \r\n",
            "Output": "611\r\n",
            "CorrectOutput": false,
            "FailMessage": "Output not formatted correctly"
        },
        {
            "Input": "5\r\n0 360 150 109 135 \r\n360 0 249 191 319 \r\n150 249 0 204 108 \r\n109 191 204 0 116 \r\n135 319 108 116 0 \r\n",
            "Output": "524\r\n",
            "CorrectOutput": false,
            "FailMessage": "Output not formatted correctly"
        },
        {
            "Input": "9\r\n0 121 374 195 171 306 225 104 136 \r\n121 0 226 266 261 354 154 109 110 \r\n374 226 0 148 355 349 380 315 202 \r\n195 266 148 0 269 170 388 156 136 \r\n171 261 355 269 0 225 291 258 388 \r\n306 354 349 170 225 0 229 331 160 \r\n225 154 380 388 291 229 0 160 299 \r\n104 109 315 156 258 331 160 0 103 \r\n136 110 202 136 388 160 299 103 0 \r\n",
            "Output": "1085\r\n",
            "CorrectOutput": false,
            "FailMessage": "Output not formatted correctly"
        },
        {
            "Input": "8\r\n0 302 244 299 282 209 332 152 \r\n302 0 355 109 204 332 396 277 \r\n244 355 0 246 241 304 230 320 \r\n299 109 246 0 266 103 250 180 \r\n282 204 241 266 0 101 200 285 \r\n209 332 304 103 101 0 230 293 \r\n332 396 230 250 200 230 0 269 \r\n152 277 320 180 285 293 269 0 \r\n",
            "Output": "1075\r\n",
            "CorrectOutput": false,
            "FailMessage": "Output not formatted correctly"
        },
        {
            "Input": "5\r\n0 383 182 121 327 \r\n383 0 384 108 311 \r\n182 384 0 313 117 \r\n121 108 313 0 263 \r\n327 311 117 263 0 \r\n",
            "Output": "528\r\n",
            "CorrectOutput": false,
            "FailMessage": "Output not formatted correctly"
        },
        {
            "Input": "7\r\n0 396 322 284 356 147 280 \r\n396 0 201 223 270 347 340 \r\n322 201 0 385 319 394 196 \r\n284 223 385 0 399 203 131 \r\n356 270 319 399 0 134 320 \r\n147 347 394 203 134 0 129 \r\n280 340 196 131 320 129 0 \r\n",
            "Output": "938\r\n",
            "CorrectOutput": false,
            "FailMessage": "Output not formatted correctly"
        },
        {
            "Input": "9\r\n0 203 105 227 187 374 170 385 264 \r\n203 0 230 173 208 130 298 320 199 \r\n105 230 0 127 111 308 338 137 271 \r\n227 173 127 0 340 387 146 283 398 \r\n187 208 111 340 0 389 326 205 221 \r\n374 130 308 387 389 0 126 206 230 \r\n170 298 338 146 326 126 0 369 288 \r\n385 320 137 283 205 206 369 0 314 \r\n264 199 271 398 221 230 288 314 0 \r\n",
            "Output": "1081\r\n",
            "CorrectOutput": false,
            "FailMessage": "Output not formatted correctly"
        },
        {
            "Input": "7\r\n0 229 383 177 369 211 325 \r\n229 0 369 134 188 304 242 \r\n383 369 0 193 282 276 256 \r\n177 134 193 0 184 193 305 \r\n369 188 282 184 0 123 112 \r\n211 304 276 193 123 0 370 \r\n325 242 256 305 112 370 0 \r\n",
            "Output": "923\r\n",
            "CorrectOutput": false,
            "FailMessage": "Output not formatted correctly"
        },
        {
            "Input": "9\r\n0 320 225 188 382 135 173 324 265 \r\n320 0 328 196 183 248 167 195 243 \r\n225 328 0 186 121 316 377 333 102 \r\n188 196 186 0 291 211 351 313 288 \r\n382 183 121 291 0 139 337 235 148 \r\n135 248 316 211 139 0 395 109 348 \r\n173 167 377 351 337 395 0 173 170 \r\n324 195 333 313 235 109 173 0 183 \r\n265 243 102 288 148 348 170 183 0 \r\n",
            "Output": "1129\r\n",
            "CorrectOutput": false,
            "FailMessage": "Output not formatted correctly"
        },
        {
            "Input": "7\r\n0 100 315 215 137 363 398 \r\n100 0 334 301 395 218 331 \r\n315 334 0 299 317 160 342 \r\n215 301 299 0 318 351 185 \r\n137 395 317 318 0 377 246 \r\n363 218 160 351 377 0 399 \r\n398 331 342 185 246 399 0 \r\n",
            "Output": "1015\r\n",
            "CorrectOutput": false,
            "FailMessage": "Output not formatted correctly"
        },
        {
            "Input": "5\r\n0 247 376 217 329 \r\n247 0 202 384 297 \r\n376 202 0 323 276 \r\n217 384 323 0 117 \r\n329 297 276 117 0 \r\n",
            "Output": "783\r\n",
            "CorrectOutput": false,
            "FailMessage": "Output not formatted correctly"
        },
        {
            "Input": "5\r\n0 207 118 388 345 \r\n207 0 199 375 359 \r\n118 199 0 184 167 \r\n388 375 184 0 147 \r\n345 359 167 147 0 \r\n",
            "Output": "631\r\n",
            "CorrectOutput": false,
            "FailMessage": "Output not formatted correctly"
        },
        {
            "Input": "4\r\n0 347 149 346 \r\n347 0 201 372 \r\n149 201 0 148 \r\n346 372 148 0 \r\n",
            "Output": "498\r\n",
            "CorrectOutput": false,
            "FailMessage": "Output not formatted correctly"
        },
        {
            "Input": "5\r\n0 282 304 134 218 \r\n282 0 270 331 322 \r\n304 270 0 156 167 \r\n134 331 156 0 261 \r\n218 322 167 261 0 \r\n",
            "Output": "727\r\n",
            "CorrectOutput": false,
            "FailMessage": "Output not formatted correctly"
        },
        {
            "Input": "6\r\n0 298 337 210 187 380 \r\n298 0 101 157 134 284 \r\n337 101 0 184 385 113 \r\n210 157 184 0 176 255 \r\n187 134 385 176 0 228 \r\n380 284 113 255 228 0 \r\n",
            "Output": "692\r\n",
