{
    "SucceededTests": [],
    "FailedTests": [
        {
            "Input": "5\r\n0 261 331 341 244 \r\n261 0 133 292 162 \r\n331 133 0 290 286 \r\n341 292 290 0 315 \r\n244 162 286 315 0 \r\n",
            "Output": "0\r\n",
            "CorrectOutput": false,
            "FailMessage": "Output not formatted correctly"
        },
        {
            "Input": "4\r\n0 178 364 111 \r\n178 0 227 145 \r\n364 227 0 142 \r\n111 145 142 0 \r\n",
            "Output": "0\r\n",
            "CorrectOutput": false,
            "FailMessage": "Output not formatted correctly"
        },
        {
            "Input": "6\r\n0 219 272 370 163 385 \r\n219 0 150 354 287 264 \r\n272 150 0 303 370 140 \r\n370 354 303 0 143 313 \r\n163 287 370 143 0 306 \r\n385 264 140 313 306 0 \r\n",
            "Output": "0\r\n",
            "CorrectOutput": false,
            "FailMessage": "Output not formatted correctly"
        },
        {
            "Input": "9\r\n0 302 244 226 291 147 346 294 386 \r\n302 0 241 324 212 216 260 168 114 \r\n244 241 0 272 110 211 229 397 109 \r\n226 324 272 0 247 240 281 390 162 \r\n291 212 110 247 0 226 174 318 391 \r\n147 216 211 240 226 0 239 142 229 \r\n346 260 229 281 174 239 0 204 246 \r\n294 168 397 390 318 142 204 0 142 \r\n386 114 109 162 391 229 246 142 0 \r\n",
            "Output": "0\r\n",
            "CorrectOutput": false,
            "FailMessage": "Output not formatted correctly"
        },
        {
            "Input": "6\r\n0 263 319 308 288 245 \r\n263 0 310 200 111 222 \r\n319 310 0 194 396 387 \r\n308 200 194 0 187 133 \r\n288 111 396 187 0 347 \r\n245 222 387 133 347 0 \r\n",
            "Output": "0\r\n",
            "CorrectOutput": false,
            "FailMessage": "Output not formatted correctly"
        },
        {
            "Input": "9\r\n0 229 389 299 363 182 364 372 245 \r\n229 0 207 311 308 347 354 152 315 \r\n389 207 0 265 361 259 112 263 151 \r\n299 311 265 0 242 203 263 271 261 \r\n363 308 361 242 0 295 160 129 372 \r\n182 347 259 203 295 0 395 104 292 \r\n364 354 112 263 160 395 0 124 130 \r\n372 152 263 271 129 104 124 0 124 \r\n245 315 151 261 372 292 130 124 0 \r\n",
            "Output": "0\r\n",
            "CorrectOutput": false,
            "FailMessage": "Output not formatted correctly"
        },
        {
            "Input": "7\r\n0 302 338 290 357 340 233 \r\n302 0 352 291 309 244 117 \r\n338 352 0 268 208 277 390 \r\n290 291 268 0 243 389 188 \r\n357 309 208 243 0 206 380 \r\n340 244 277 389 206 0 196 \r\n233 117 390 188 380 196 0 \r\n",
            "Output": "0\r\n",
            "CorrectOutput": false,
            "FailMessage": "Output not formatted correctly"
        },
        {
            "Input": "6\r\n0 298 377 127 198 395 \r\n298 0 273 207 386 233 \r\n377 273 0 300 372 271 \r\n127 207 300 0 123 123 \r\n198 386 372 123 0 369 \r\n395 233 271 123 369 0 \r\n",
            "Output": "0\r\n",
            "CorrectOutput": false,
            "FailMessage": "Output not formatted correctly"
        },
        {
            "Input": "7\r\n0 352 273 303 336 102 127 \r\n352 0 235 209 195 139 155 \r\n273 235 0 374 301 384 383 \r\n303 209 374 0 319 349 356 \r\n336 195 301 319 0 378 184 \r\n102 139 384 349 378 0 274 \r\n127 155 383 356 184 274 0 \r\n",
            "Output": "0\r\n",
            "CorrectOutput": false,
            "FailMessage": "Output not formatted correctly"
        },
        {
            "Input": "5\r\n0 180 398 397 396 \r\n180 0 343 186 271 \r\n398 343 0 183 195 \r\n397 186 183 0 238 \r\n396 271 195 238 0 \r\n",
            "Output": "0\r\n",
            "CorrectOutput": false,
            "FailMessage": "Output not formatted correctly"
        },
        {
            "Input": "4\r\n0 183 328 327 \r\n183 0 259 111 \r\n328 259 0 324 \r\n327 111 324 0 \r\n",
            "Output": "0\r\n",
            "CorrectOutput": false,
            "FailMessage": "Output not formatted correctly"
        },
        {
            "Input": "6\r\n0 332 356 386 272 251 \r\n332 0 191 167 363 187 \r\n356 191 0 198 184 291 \r\n386 167 198 0 264 273 \r\n272 363 184 264 0 294 \r\n251 187 291 273 294 0 \r\n",
            "Output": "0\r\n",
            "CorrectOutput": false,
            "FailMessage": "Output not formatted correctly"
        },
        {
            "Input": "6\r\n0 329 314 356 127 118 \r\n329 0 209 144 308 164 \r\n314 209 0 350 349 156 \r\n356 144 350 0 227 220 \r\n127 308 349 227 0 164 \r\n118 164 156 220 164 0 \r\n",
            "Output": "0\r\n",
            "CorrectOutput": false,
            "FailMessage": "Output not formatted correctly"
        },
        {
            "Input": "9\r\n0 225 192 363 311 203 281 140 346 \r\n225 0 297 260 370 333 299 204 277 \r\n192 297 0 197 397 295 219 170 168 \r\n363 260 197 0 268 280 185 368 216 \r\n311 370 397 268 0 144 130 197 120 \r\n203 333 295 280 144 0 145 130 251 \r\n281 299 219 185 130 145 0 114 224 \r\n140 204 170 368 197 130 114 0 223 \r\n346 277 168 216 120 251 224 223 0 \r\n",
            "Output": "0\r\n",
            "CorrectOutput": false,
            "FailMessage": "Output not formatted correctly"
        },
        {
            "Input": "5\r\n0 369 182 333 386 \r\n369 0 358 275 289 \r\n182 358 0 326 305 \r\n333 275 326 0 370 \r\n386 289 305 370 0 \r\n",
            "Output": "0\r\n",
            "CorrectOutput": false,
            "FailMessage": "Output not formatted correctly"
        },
        {
            "Input": "8\r\n0 177 138 279 228 364 101 364 \r\n177 0 184 121 234 240 161 374 \r\n138 184 0 293 231 336 373 165 \r\n279 121 293 0 299 252 369 262 \r\n228 234 231 299 0 121 207 194 \r\n364 240 336 252 121 0 364 217 \r\n101 161 373 369 207 364 0 122 \r\n364 374 165 262 194 217 122 0 \r\n",
            "Output": "0\r\n",
            "CorrectOutput": false,
            "FailMessage": "Output not formatted correctly"
        },
        {
            "Input": "6\r\n0 131 150 272 158 230 \r\n131 0 118 351 262 142 \r\n150 118 0 109 293 322 \r\n272 351 109 0 355 325 \r\n158 262 293 355 0 382 \r\n230 142 322 325 382 0 \r\n",
            "Output": "0\r\n",
            "CorrectOutput": false,
            "FailMessage": "Output not formatted correctly"
        },
        {
            "Input": "4\r\n0 347 132 353 \r\n347 0 116 354 \r\n132 116 0 106 \r\n353 354 106 0 \r\n",
            "Output": "0\r\n",
            "CorrectOutput": false,
            "FailMessage": "Output not formatted correctly"
        },
        {
            "Input": "6\r\n0 253 121 251 276 134 \r\n253 0 283 126 234 205 \r\n121 283 0 271 203 374 \r\n251 126 271 0 150 315 \r\n276 234 203 150 0 184 \r\n134 205 374 315 184 0 \r\n",
            "Output": "0\r\n",
            "CorrectOutput": false,
            "FailMessage": "Output not formatted correctly"
        },
        {
            "Input": "9\r\n0 380 354 321 326 327 283 302 299 \r\n380 0 363 336 134 198 310 303 169 \r\n354 363 0 227 260 114 171 311 127 \r\n321 336 227 0 201 349 333 246 117 \r\n326 134 260 201 0 202 136 257 110 \r\n327 198 114 349 202 0 127 286 228 \r\n283 310 171 333 136 127 0 220 260 \r\n302 303 311 246 257 286 220 0 141 \r\n299 169 127 117 110 228 260 141 0 \r\n",
            "Output": "0\r\n",
            "CorrectOutput": false,
            "FailMessage": "Output not formatted correctly"
        },
        {
            "Input": "9\r\n0 327 230 128 250 226 155 221 234 \r\n327 0 134 305 237 144 108 246 232 \r\n230 134 0 119 280 162 158 185 176 \r\n128 305 119 0 286 282 334 343 376 \r\n250 237 280 286 0 273 361 128 217 \r\n226 144 162 282 273 0 192 158 128 \r\n155 108 158 334 361 192 0 145 202 \r\n221 246 185 343 128 158 145 0 216 \r\n234 232 176 376 217 128 202 216 0 \r\n",
            "Output": "0\r\n",
            "CorrectOutput": false,
            "FailMessage": "Output not formatted correctly"
        },
        {
            "Input": "9\r\n0 322 143 326 161 291 361 286 249 \r\n322 0 392 308 223 142 384 143 271 \r\n143 392 0 219 353 143 399 381 105 \r\n326 308 219 0 387 301 211 345 227 \r\n161 223 353 387 0 283 298 111 363 \r\n291 142 143 301 283 0 358 124 398 \r\n361 384 399 211 298 358 0 291 207 \r\n286 143 381 345 111 124 291 0 207 \r\n249 271 105 227 363 398 207 207 0 \r\n",
            "Output": "0\r\n",
            "CorrectOutput": false,
            "FailMessage": "Output not formatted correctly"
        },
        {
            "Input": "4\r\n0 277 213 317 \r\n277 0 260 150 \r\n213 260 0 189 \r\n317 150 189 0 \r\n",
            "Output": "0\r\n",
            "CorrectOutput": false,
            "FailMessage": "Output not formatted correctly"
        },
        {
            "Input": "8\r\n0 346 201 154 384 258 333 272 \r\n346 0 309 393 258 176 158 389 \r\n201 309 0 213 109 265 367 377 \r\n154 393 213 0 158 134 340 265 \r\n384 258 109 158 0 366 246 218 \r\n258 176 265 134 366 0 156 365 \r\n333 158 367 340 246 156 0 286 \r\n272 389 377 265 218 365 286 0 \r\n",
            "Output": "0\r\n",
            "CorrectOutput": false,
            "FailMessage": "Output not formatted correctly"
        },
        {
            "Input": "5\r\n0 179 373 396 255 \r\n179 0 329 186 313 \r\n373 329 0 372 247 \r\n396 186 372 0 200 \r\n255 313 247 200 0 \r\n",
            "Output": "0\r\n",
            "CorrectOutput": false,
            "FailMessage": "Output not formatted correctly"
        },
        {
            "Input": "5\r\n0 223 154 172 297 \r\n223 0 315 240 152 \r\n154 315 0 108 138 \r\n172 240 108 0 128 \r\n297 152 138 128 0 \r\n",
            "Output": "0\r\n",
            "CorrectOutput": false,
            "FailMessage": "Output not formatted correctly"
        },
        {
            "Input": "4\r\n0 259 219 375 \r\n259 0 312 242 \r\n219 312 0 389 \r\n375 242 389 0 \r\n",
            "Output": "0\r\n",
            "CorrectOutput": false,
            "FailMessage": "Output not formatted correctly"
        },
        {
            "Input": "4\r\n0 126 191 376 \r\n126 0 104 252 \r\n191 104 0 159 \r\n376 252 159 0 \r\n",
            "Output": "0\r\n",
            "CorrectOutput": false,
            "FailMessage": "Output not formatted correctly"
        },
        {
            "Input": "7\r\n0 394 313 390 111 144 352 \r\n394 0 168 359 252 137 212 \r\n313 168 0 332 111 232 278 \r\n390 359 332 0 253 206 348 \r\n111 252 111 253 0 184 298 \r\n144 137 232 206 184 0 266 \r\n352 212 278 348 298 266 0 \r\n",
            "Output": "0\r\n",
            "CorrectOutput": false,
            "FailMessage": "Output not formatted correctly"
        },
        {
            "Input": "4\r\n0 271 349 278 \r\n271 0 244 285 \r\n349 244 0 217 \r\n278 285 217 0 \r\n",
            "Output": "0\r\n",
            "CorrectOutput": false,
            "FailMessage": "Output not formatted correctly"
        },
        {
            "Input": "4\r\n0 244 249 296 \r\n244 0 213 275 \r\n249 213 0 114 \r\n296 275 114 0 \r\n",
            "Output": "0\r\n",
            "CorrectOutput": false,
            "FailMessage": "Output not formatted correctly"
        },
        {
            "Input": "7\r\n0 384 204 269 238 285 171 \r\n384 0 272 350 218 392 292 \r\n204 272 0 335 282 143 290 \r\n269 350 335 0 313 222 269 \r\n238 218 282 313 0 230 236 \r\n285 392 143 222 230 0 266 \r\n171 292 290 269 236 266 0 \r\n",
            "Output": "0\r\n",
            "CorrectOutput": false,
            "FailMessage": "Output not formatted correctly"
        },
        {
            "Input": "4\r\n0 268 225 380 \r\n268 0 373 275 \r\n225 373 0 278 \r\n380 275 278 0 \r\n",
            "Output": "0\r\n",
            "CorrectOutput": false,
            "FailMessage": "Output not formatted correctly"
        },
        {
            "Input": "9\r\n0 280 148 308 181 365 354 312 136 \r\n280 0 187 121 287 110 149 190 142 \r\n148 187 0 314 354 311 106 363 307 \r\n308 121 314 0 201 306 122 187 347 \r\n181 287 354 201 0 243 328 273 273 \r\n365 110 311 306 243 0 107 356 158 \r\n354 149 106 122 328 107 0 168 102 \r\n312 190 363 187 273 356 168 0 322 \r\n136 142 307 347 273 158 102 322 0 \r\n",
            "Output": "0\r\n",
            "CorrectOutput": false,
            "FailMessage": "Output not formatted correctly"
        },
        {
            "Input": "7\r\n0 124 263 331 132 199 207 \r\n124 0 307 259 274 304 105 \r\n263 307 0 191 292 318 168 \r\n331 259 191 0 371 148 136 \r\n132 274 292 371 0 364 282 \r\n199 304 318 148 364 0 305 \r\n207 105 168 136 282 305 0 \r\n",
            "Output": "0\r\n",
            "CorrectOutput": false,
            "FailMessage": "Output not formatted correctly"
        },
        {
            "Input": "7\r\n0 174 101 307 143 336 238 \r\n174 0 124 131 115 166 280 \r\n101 124 0 112 254 311 146 \r\n307 131 112 0 326 205 364 \r\n143 115 254 326 0 235 347 \r\n336 166 311 205 235 0 195 \r\n238 280 146 364 347 195 0 \r\n",
            "Output": "0\r\n",
            "CorrectOutput": false,
            "FailMessage": "Output not formatted correctly"
        },
        {
            "Input": "4\r\n0 364 130 292 \r\n364 0 159 112 \r\n130 159 0 398 \r\n292 112 398 0 \r\n",
            "Output": "0\r\n",
            "CorrectOutput": false,
            "FailMessage": "Output not formatted correctly"
        },
        {
            "Input": "4\r\n0 114 309 287 \r\n114 0 249 238 \r\n309 249 0 233 \r\n287 238 233 0 \r\n",
            "Output": "0\r\n",
            "CorrectOutput": false,
            "FailMessage": "Output not formatted correctly"
        },
        {
            "Input": "9\r\n0 388 230 315 307 314 383 102 287 \r\n388 0 104 121 216 214 360 299 133 \r\n230 104 0 345 264 208 274 117 356 \r\n315 121 345 0 336 114 152 266 179 \r\n307 216 264 336 0 157 147 174 249 \r\n314 214 208 114 157 0 312 362 302 \r\n383 360 274 152 147 312 0 185 253 \r\n102 299 117 266 174 362 185 0 181 \r\n287 133 356 179 249 302 253 181 0 \r\n",
            "Output": "0\r\n",
            "CorrectOutput": false,
            "FailMessage": "Output not formatted correctly"
        },
        {
            "Input": "4\r\n0 204 317 326 \r\n204 0 395 304 \r\n317 395 0 398 \r\n326 304 398 0 \r\n",
            "Output": "0\r\n",
            "CorrectOutput": false,
            "FailMessage": "Output not formatted correctly"
        },
        {
            "Input": "5\r\n0 130 328 399 201 \r\n130 0 131 176 163 \r\n328 131 0 266 109 \r\n399 176 266 0 139 \r\n201 163 109 139 0 \r\n",
            "Output": "0\r\n",
            "CorrectOutput": false,
            "FailMessage": "Output not formatted correctly"
        },
        {
            "Input": "5\r\n0 280 210 263 370 \r\n280 0 221 256 212 \r\n210 221 0 176 215 \r\n263 256 176 0 359 \r\n370 212 215 359 0 \r\n",
            "Output": "0\r\n",
            "CorrectOutput": false,
            "FailMessage": "Output not formatted correctly"
        },
        {
            "Input": "5\r\n0 368 361 167 366 \r\n368 0 265 378 109 \r\n361 265 0 131 288 \r\n167 378 131 0 366 \r\n366 109 288 366 0 \r\n",
            "Output": "0\r\n",
            "CorrectOutput": false,
            "FailMessage": "Output not formatted correctly"
        },
        {
            "Input": "6\r\n0 300 306 258 197 263 \r\n300 0 163 387 382 360 \r\n306 163 0 291 127 262 \r\n258 387 291 0 241 247 \r\n197 382 127 241 0 131 \r\n263 360 262 247 131 0 \r\n",
            "Output": "0\r\n",
            "CorrectOutput": false,
            "FailMessage": "Output not formatted correctly"
        },
        {
            "Input": "7\r\n0 340 362 184 377 266 263 \r\n340 0 342 292 345 271 306 \r\n362 342 0 335 301 197 166 \r\n184 292 335 0 381 259 211 \r\n377 345 301 381 0 398 104 \r\n266 271 197 259 398 0 373 \r\n263 306 166 211 104 373 0 \r\n",
            "Output": "0\r\n",
            "CorrectOutput": false,
            "FailMessage": "Output not formatted correctly"
        },
        {
            "Input": "8\r\n0 264 162 110 134 356 292 187 \r\n264 0 106 126 305 375 313 188 \r\n162 106 0 334 219 324 179 190 \r\n110 126 334 0 289 260 360 287 \r\n134 305 219 289 0 327 167 364 \r\n356 375 324 260 327 0 309 215 \r\n292 313 179 360 167 309 0 320 \r\n187 188 190 287 364 215 320 0 \r\n",
            "Output": "0\r\n",
            "CorrectOutput": false,
            "FailMessage": "Output not formatted correctly"
        },
        {
            "Input": "6\r\n0 288 293 398 190 140 \r\n288 0 193 227 253 333 \r\n293 193 0 364 168 359 \r\n398 227 364 0 182 152 \r\n190 253 168 182 0 146 \r\n140 333 359 152 146 0 \r\n",
            "Output": "0\r\n",
            "CorrectOutput": false,
            "FailMessage": "Output not formatted correctly"
        },
        {
            "Input": "6\r\n0 247 394 138 102 155 \r\n247 0 311 268 231 128 \r\n394 311 0 338 365 282 \r\n138 268 338 0 119 372 \r\n102 231 365 119 0 376 \r\n155 128 282 372 376 0 \r\n",
            "Output": "0\r\n",
            "CorrectOutput": false,
            "FailMessage": "Output not formatted correctly"
        },
        {
            "Input": "6\r\n0 352 203 251 278 174 \r\n352 0 266 236 347 213 \r\n203 266 0 287 349 329 \r\n251 236 287 0 310 250 \r\n278 347 349 310 0 124 \r\n174 213 329 250 124 0 \r\n",
            "Output": "0\r\n",
            "CorrectOutput": false,
            "FailMessage": "Output not formatted correctly"
        },
        {
            "Input": "9\r\n0 191 291 285 287 266 376 256 373 \r\n191 0 366 124 298 222 132 397 235 \r\n291 366 0 337 236 398 246 312 254 \r\n285 124 337 0 290 304 332 292 263 \r\n287 298 236 290 0 212 374 163 302 \r\n266 222 398 304 212 0 399 120 188 \r\n376 132 246 332 374 399 0 155 365 \r\n256 397 312 292 163 120 155 0 248 \r\n373 235 254 263 302 188 365 248 0 \r\n",
            "Output": "0\r\n",
            "CorrectOutput": false,
            "FailMessage": "Output not formatted correctly"
        },
        {
            "Input": "9\r\n0 395 215 106 235 185 368 101 262 \r\n395 0 264 311 322 204 293 120 219 \r\n215 264 0 359 183 282 286 114 114 \r\n106 311 359 0 234 258 283 293 194 \r\n235 322 183 234 0 381 192 299 129 \r\n185 204 282 258 381 0 143 106 293 \r\n368 293 286 283 192 143 0 202 191 \r\n101 120 114 293 299 106 202 0 132 \r\n262 219 114 194 129 293 191 132 0 \r\n",
            "Output": "0\r\n",
            "CorrectOutput": false,
            "FailMessage": "Output not formatted correctly"
        },
        {
            "Input": "5\r\n0 378 310 169 376 \r\n378 0 114 265 274 \r\n310 114 0 200 348 \r\n169 265 200 0 303 \r\n376 274 348 303 0 \r\n",
            "Output": "0\r\n",
            "CorrectOutput": false,
            "FailMessage": "Output not formatted correctly"
        },
        {
            "Input": "9\r\n0 297 149 262 256 334 397 393 331 \r\n297 0 166 399 135 357 321 352 272 \r\n149 166 0 173 321 103 155 206 391 \r\n262 399 173 0 367 292 154 275 382 \r\n256 135 321 367 0 238 206 180 346 \r\n334 357 103 292 238 0 241 237 212 \r\n397 321 155 154 206 241 0 282 361 \r\n393 352 206 275 180 237 282 0 177 \r\n331 272 391 382 346 212 361 177 0 \r\n",
            "Output": "0\r\n",
            "CorrectOutput": false,
            "FailMessage": "Output not formatted correctly"
        },
        {
            "Input": "7\r\n0 179 279 309 293 281 237 \r\n179 0 269 105 341 365 397 \r\n279 269 0 166 391 218 278 \r\n309 105 166 0 200 228 396 \r\n293 341 391 200 0 362 359 \r\n281 365 218 228 362 0 278 \r\n237 397 278 396 359 278 0 \r\n",
            "Output": "0\r\n",
            "CorrectOutput": false,
            "FailMessage": "Output not formatted correctly"
        },
        {
            "Input": "7\r\n0 128 251 353 216 389 383 \r\n128 0 166 333 147 185 308 \r\n251 166 0 261 196 144 167 \r\n353 333 261 0 242 337 309 \r\n216 147 196 242 0 181 389 \r\n389 185 144 337 181 0 304 \r\n383 308 167 309 389 304 0 \r\n",
            "Output": "0\r\n",
            "CorrectOutput": false,
            "FailMessage": "Output not formatted correctly"
        },
        {
            "Input": "5\r\n0 318 141 104 229 \r\n318 0 238 365 179 \r\n141 238 0 286 318 \r\n104 365 286 0 191 \r\n229 179 318 191 0 \r\n",
            "Output": "0\r\n",
            "CorrectOutput": false,
            "FailMessage": "Output not formatted correctly"
        },
        {
            "Input": "4\r\n0 323 132 125 \r\n323 0 362 126 \r\n132 362 0 151 \r\n125 126 151 0 \r\n",
            "Output": "0\r\n",
            "CorrectOutput": false,
            "FailMessage": "Output not formatted correctly"
        },
        {
            "Input": "7\r\n0 385 158 171 286 280 208 \r\n385 0 380 149 150 290 151 \r\n158 380 0 367 295 164 387 \r\n171 149 367 0 285 141 195 \r\n286 150 295 285 0 331 169 \r\n280 290 164 141 331 0 253 \r\n208 151 387 195 169 253 0 \r\n",
            "Output": "0\r\n",
            "CorrectOutput": false,
            "FailMessage": "Output not formatted correctly"
        },
        {
            "Input": "5\r\n0 314 358 264 114 \r\n314 0 156 369 289 \r\n358 156 0 116 399 \r\n264 369 116 0 295 \r\n114 289 399 295 0 \r\n",
            "Output": "0\r\n",
            "CorrectOutput": false,
            "FailMessage": "Output not formatted correctly"
        },
        {
            "Input": "7\r\n0 159 102 129 250 336 278 \r\n159 0 134 344 335 155 127 \r\n102 134 0 352 355 101 121 \r\n129 344 352 0 393 197 232 \r\n250 335 355 393 0 226 191 \r\n336 155 101 197 226 0 268 \r\n278 127 121 232 191 268 0 \r\n",
            "Output": "0\r\n",
            "CorrectOutput": false,
            "FailMessage": "Output not formatted correctly"
        },
        {
            "Input": "5\r\n0 145 341 303 230 \r\n145 0 135 364 200 \r\n341 135 0 333 376 \r\n303 364 333 0 114 \r\n230 200 376 114 0 \r\n",
            "Output": "0\r\n",
            "CorrectOutput": false,
            "FailMessage": "Output not formatted correctly"
        },
        {
            "Input": "5\r\n0 233 156 115 144 \r\n233 0 397 253 319 \r\n156 397 0 322 144 \r\n115 253 322 0 268 \r\n144 319 144 268 0 \r\n",
            "Output": "0\r\n",
            "CorrectOutput": false,
            "FailMessage": "Output not formatted correctly"
        },
        {
            "Input": "9\r\n0 300 378 248 377 117 328 293 107 \r\n300 0 218 320 227 329 226 293 354 \r\n378 218 0 128 219 293 151 218 233 \r\n248 320 128 0 169 176 118 344 390 \r\n377 227 219 169 0 193 221 127 288 \r\n117 329 293 176 193 0 271 243 153 \r\n328 226 151 118 221 271 0 303 116 \r\n293 293 218 344 127 243 303 0 294 \r\n107 354 233 390 288 153 116 294 0 \r\n",
            "Output": "0\r\n",
            "CorrectOutput": false,
            "FailMessage": "Output not formatted correctly"
        },
        {
            "Input": "6\r\n0 283 169 247 279 327 \r\n283 0 120 304 142 339 \r\n169 120 0 230 290 198 \r\n247 304 230 0 257 340 \r\n279 142 290 257 0 120 \r\n327 339 198 340 120 0 \r\n",
            "Output": "0\r\n",
            "CorrectOutput": false,
            "FailMessage": "Output not formatted correctly"
        },
        {
            "Input": "5\r\n0 227 153 396 143 \r\n227 0 154 276 264 \r\n153 154 0 278 223 \r\n396 276 278 0 233 \r\n143 264 223 233 0 \r\n",
            "Output": "0\r\n",
            "CorrectOutput": false,
            "FailMessage": "Output not formatted correctly"
        },
        {
            "Input": "8\r\n0 322 160 141 368 318 101 307 \r\n322 0 172 104 157 224 186 314 \r\n160 172 0 166 286 369 281 281 \r\n141 104 166 0 187 138 310 180 \r\n368 157 286 187 0 196 190 124 \r\n318 224 369 138 196 0 331 225 \r\n101 186 281 310 190 331 0 395 \r\n307 314 281 180 124 225 395 0 \r\n",
            "Output": "0\r\n",
            "CorrectOutput": false,
            "FailMessage": "Output not formatted correctly"
        },
        {
            "Input": "4\r\n0 360 185 237 \r\n360 0 101 262 \r\n185 101 0 192 \r\n237 262 192 0 \r\n",
            "Output": "0\r\n",
            "CorrectOutput": false,
            "FailMessage": "Output not formatted correctly"
        },
        {
            "Input": "7\r\n0 389 345 331 387 299 391 \r\n389 0 261 205 391 125 192 \r\n345 261 0 299 310 368 375 \r\n331 205 299 0 309 193 249 \r\n387 391 310 309 0 144 109 \r\n299 125 368 193 144 0 370 \r\n391 192 375 249 109 370 0 \r\n",
            "Output": "0\r\n",
            "CorrectOutput": false,
            "FailMessage": "Output not formatted correctly"
        },
        {
            "Input": "5\r\n0 145 132 273 267 \r\n145 0 193 219 143 \r\n132 193 0 198 171 \r\n273 219 198 0 163 \r\n267 143 171 163 0 \r\n",
            "Output": "0\r\n",
            "CorrectOutput": false,
            "FailMessage": "Output not formatted correctly"
        },
        {
            "Input": "7\r\n0 395 329 242 350 328 310 \r\n395 0 342 147 259 363 222 \r\n329 342 0 208 282 309 304 \r\n242 147 208 0 126 328 215 \r\n350 259 282 126 0 157 207 \r\n328 363 309 328 157 0 235 \r\n310 222 304 215 207 235 0 \r\n",
            "Output": "0\r\n",
            "CorrectOutput": false,
            "FailMessage": "Output not formatted correctly"
        },
        {
            "Input": "8\r\n0 201 295 270 326 211 216 233 \r\n201 0 279 370 374 293 115 326 \r\n295 279 0 352 379 277 263 125 \r\n270 370 352 0 148 139 121 361 \r\n326 374 379 148 0 396 193 282 \r\n211 293 277 139 396 0 158 176 \r\n216 115 263 121 193 158 0 120 \r\n233 326 125 361 282 176 120 0 \r\n",
            "Output": "0\r\n",
            "CorrectOutput": false,
            "FailMessage": "Output not formatted correctly"
        },
        {
            "Input": "5\r\n0 138 288 320 159 \r\n138 0 122 128 369 \r\n288 122 0 213 137 \r\n320 128 213 0 163 \r\n159 369 137 163 0 \r\n",
            "Output": "0\r\n",
            "CorrectOutput": false,
            "FailMessage": "Output not formatted correctly"
        },
        {
            "Input": "7\r\n0 217 123 181 377 296 145 \r\n217 0 275 241 159 310 318 \r\n123 275 0 314 362 110 147 \r\n181 241 314 0 136 190 224 \r\n377 159 362 136 0 104 181 \r\n296 310 110 190 104 0 206 \r\n145 318 147 224 181 206 0 \r\n",
            "Output": "0\r\n",
            "CorrectOutput": false,
            "FailMessage": "Output not formatted correctly"
        },
        {
            "Input": "9\r\n0 158 391 203 304 387 197 131 204 \r\n158 0 361 174 301 331 263 278 113 \r\n391 361 0 231 141 203 194 229 338 \r\n203 174 231 0 156 200 109 129 362 \r\n304 301 141 156 0 139 351 390 316 \r\n387 331 203 200 139 0 375 325 200 \r\n197 263 194 109 351 375 0 343 154 \r\n131 278 229 129 390 325 343 0 143 \r\n204 113 338 362 316 200 154 143 0 \r\n",
            "Output": "0\r\n",
            "CorrectOutput": false,
            "FailMessage": "Output not formatted correctly"
        },
        {
            "Input": "7\r\n0 269 163 385 271 366 111 \r\n269 0 118 344 393 193 259 \r\n163 118 0 267 294 235 266 \r\n385 344 267 0 242 225 308 \r\n271 393 294 242 0 114 199 \r\n366 193 235 225 114 0 296 \r\n111 259 266 308 199 296 0 \r\n",
            "Output": "0\r\n",
            "CorrectOutput": false,
            "FailMessage": "Output not formatted correctly"
        },
        {
            "Input": "7\r\n0 205 152 341 367 158 237 \r\n205 0 368 112 119 102 270 \r\n152 368 0 177 286 295 352 \r\n341 112 177 0 226 282 178 \r\n367 119 286 226 0 132 228 \r\n158 102 295 282 132 0 149 \r\n237 270 352 178 228 149 0 \r\n",
            "Output": "0\r\n",
            "CorrectOutput": false,
            "FailMessage": "Output not formatted correctly"
        },
        {
            "Input": "4\r\n0 217 395 264 \r\n217 0 320 367 \r\n395 320 0 340 \r\n264 367 340 0 \r\n",
            "Output": "0\r\n",
            "CorrectOutput": false,
            "FailMessage": "Output not formatted correctly"
        },
        {
            "Input": "4\r\n0 259 263 149 \r\n259 0 180 128 \r\n263 180 0 258 \r\n149 128 258 0 \r\n",
            "Output": "0\r\n",
            "CorrectOutput": false,
            "FailMessage": "Output not formatted correctly"
        },
        {
            "Input": "4\r\n0 219 131 216 \r\n219 0 353 105 \r\n131 353 0 311 \r\n216 105 311 0 \r\n",
            "Output": "0\r\n",
            "CorrectOutput": false,
            "FailMessage": "Output not formatted correctly"
        },
        {
            "Input": "8\r\n0 355 225 211 182 224 266 320 \r\n355 0 230 261 184 166 253 114 \r\n225 230 0 111 107 337 398 160 \r\n211 261 111 0 134 287 114 137 \r\n182 184 107 134 0 216 164 217 \r\n224 166 337 287 216 0 377 181 \r\n266 253 398 114 164 377 0 226 \r\n320 114 160 137 217 181 226 0 \r\n",
            "Output": "0\r\n",
            "CorrectOutput": false,
            "FailMessage": "Output not formatted correctly"
        },
        {
            "Input": "4\r\n0 228 313 156 \r\n228 0 304 173 \r\n313 304 0 278 \r\n156 173 278 0 \r\n",
            "Output": "0\r\n",
            "CorrectOutput": false,
            "FailMessage": "Output not formatted correctly"
        },
        {
            "Input": "9\r\n0 358 379 147 144 375 166 126 351 \r\n358 0 176 250 174 167 378 356 229 \r\n379 176 0 295 108 286 351 144 245 \r\n147 250 295 0 144 244 108 275 328 \r\n144 174 108 144 0 291 108 383 339 \r\n375 167 286 244 291 0 282 303 387 \r\n166 378 351 108 108 282 0 188 301 \r\n126 356 144 275 383 303 188 0 132 \r\n351 229 245 328 339 387 301 132 0 \r\n",
            "Output": "0\r\n",
            "CorrectOutput": false,
            "FailMessage": "Output not formatted correctly"
        },
        {
            "Input": "5\r\n0 132 166 276 193 \r\n132 0 204 188 115 \r\n166 204 0 288 216 \r\n276 188 288 0 299 \r\n193 115 216 299 0 \r\n",
            "Output": "0\r\n",
            "CorrectOutput": false,
            "FailMessage": "Output not formatted correctly"
        },
        {
            "Input": "8\r\n0 132 273 356 240 356 255 353 \r\n132 0 186 295 221 239 196 132 \r\n273 186 0 230 302 155 107 273 \r\n356 295 230 0 312 378 136 236 \r\n240 221 302 312 0 320 256 177 \r\n356 239 155 378 320 0 364 323 \r\n255 196 107 136 256 364 0 296 \r\n353 132 273 236 177 323 296 0 \r\n",
            "Output": "0\r\n",
            "CorrectOutput": false,
            "FailMessage": "Output not formatted correctly"
        },
        {
            "Input": "8\r\n0 283 326 208 103 103 308 252 \r\n283 0 364 352 139 265 210 128 \r\n326 364 0 321 234 308 269 205 \r\n208 352 321 0 160 371 341 327 \r\n103 139 234 160 0 134 163 311 \r\n103 265 308 371 134 0 299 307 \r\n308 210 269 341 163 299 0 137 \r\n252 128 205 327 311 307 137 0 \r\n",
            "Output": "0\r\n",
            "CorrectOutput": false,
            "FailMessage": "Output not formatted correctly"
        },
        {
            "Input": "9\r\n0 337 156 326 326 136 325 166 146 \r\n337 0 136 200 185 271 174 320 376 \r\n156 136 0 198 243 240 115 335 343 \r\n326 200 198 0 261 373 381 320 140 \r\n326 185 243 261 0 300 324 314 303 \r\n136 271 240 373 300 0 294 351 172 \r\n325 174 115 381 324 294 0 295 139 \r\n166 320 335 320 314 351 295 0 103 \r\n146 376 343 140 303 172 139 103 0 \r\n",
            "Output": "0\r\n",
            "CorrectOutput": false,
            "FailMessage": "Output not formatted correctly"
        },
        {
            "Input": "9\r\n0 315 165 187 384 297 360 242 188 \r\n315 0 116 201 230 122 303 150 104 \r\n165 116 0 282 125 181 203 201 374 \r\n187 201 282 0 177 151 372 185 271 \r\n384 230 125 177 0 207 342 138 119 \r\n297 122 181 151 207 0 229 223 176 \r\n360 303 203 372 342 229 0 296 314 \r\n242 150 201 185 138 223 296 0 175 \r\n188 104 374 271 119 176 314 175 0 \r\n",
            "Output": "0\r\n",
            "CorrectOutput": false,
            "FailMessage": "Output not formatted correctly"
        },
        {
            "Input": "6\r\n0 271 215 238 249 107 \r\n271 0 158 261 106 241 \r\n215 158 0 272 327 117 \r\n238 261 272 0 184 115 \r\n249 106 327 184 0 382 \r\n107 241 117 115 382 0 \r\n",
            "Output": "0\r\n",
            "CorrectOutput": false,
            "FailMessage": "Output not formatted correctly"
        },
        {
            "Input": "9\r\n0 387 254 179 162 147 229 152 118 \r\n387 0 121 208 341 374 192 155 229 \r\n254 121 0 398 324 374 216 188 248 \r\n179 208 398 0 211 312 156 185 312 \r\n162 341 324 211 0 302 268 357 231 \r\n147 374 374 312 302 0 167 151 378 \r\n229 192 216 156 268 167 0 233 303 \r\n152 155 188 185 357 151 233 0 245 \r\n118 229 248 312 231 378 303 245 0 \r\n",
            "Output": "0\r\n",
            "CorrectOutput": false,
            "FailMessage": "Output not formatted correctly"
        },
        {
            "Input": "6\r\n0 245 204 348 186 312 \r\n245 0 189 383 158 117 \r\n204 189 0 399 217 344 \r\n348 383 399 0 268 250 \r\n186 158 217 268 0 336 \r\n312 117 344 250 336 0 \r\n",
            "Output": "0\r\n",
            "CorrectOutput": false,
            "FailMessage": "Output not formatted correctly"
        },
        {
            "Input": "9\r\n0 145 342 191 210 272 186 104 289 \r\n145 0 227 332 267 117 329 332 150 \r\n342 227 0 388 149 238 309 180 235 \r\n191 332 388 0 261 191 193 301 341 \r\n210 267 149 261 0 324 291 105 114 \r\n272 117 238 191 324 0 297 151 266 \r\n186 329 309 193 291 297 0 229 178 \r\n104 332 180 301 105 151 229 0 333 \r\n289 150 235 341 114 266 178 333 0 \r\n",
            "Output": "0\r\n",
            "CorrectOutput": false,
            "FailMessage": "Output not formatted correctly"
        },
        {
            "Input": "4\r\n0 358 239 255 \r\n358 0 138 336 \r\n239 138 0 368 \r\n255 336 368 0 \r\n",
            "Output": "0\r\n",
            "CorrectOutput": false,
            "FailMessage": "Output not formatted correctly"
        },
        {
            "Input": "8\r\n0 326 119 291 287 108 202 163 \r\n326 0 320 311 324 122 215 253 \r\n119 320 0 381 394 235 290 146 \r\n291 311 381 0 227 124 398 260 \r\n287 324 394 227 0 293 240 203 \r\n108 122 235 124 293 0 230 263 \r\n202 215 290 398 240 230 0 356 \r\n163 253 146 260 203 263 356 0 \r\n",
            "Output": "0\r\n",
            "CorrectOutput": false,
            "FailMessage": "Output not formatted correctly"
        },
        {
            "Input": "7\r\n0 333 304 394 241 103 131 \r\n333 0 278 360 309 374 267 \r\n304 278 0 166 309 270 284 \r\n394 360 166 0 245 250 214 \r\n241 309 309 245 0 349 137 \r\n103 374 270 250 349 0 317 \r\n131 267 284 214 137 317 0 \r\n",
            "Output": "0\r\n",
            "CorrectOutput": false,
            "FailMessage": "Output not formatted correctly"
        },
        {
            "Input": "6\r\n0 126 274 134 166 197 \r\n126 0 161 202 357 146 \r\n274 161 0 266 399 306 \r\n134 202 266 0 250 398 \r\n166 357 399 250 0 362 \r\n197 146 306 398 362 0 \r\n",
            "Output": "0\r\n",
            "CorrectOutput": false,
            "FailMessage": "Output not formatted correctly"
        },
        {
            "Input": "6\r\n0 165 176 334 127 399 \r\n165 0 343 159 182 249 \r\n176 343 0 217 295 180 \r\n334 159 217 0 141 133 \r\n127 182 295 141 0 157 \r\n399 249 180 133 157 0 \r\n",
            "Output": "0\r\n",
            "CorrectOutput": false,
            "FailMessage": "Output not formatted correctly"
        },
        {
            "Input": "7\r\n0 241 342 350 284 141 108 \r\n241 0 387 222 198 324 232 \r\n342 387 0 343 222 343 188 \r\n350 222 343 0 200 256 163 \r\n284 198 222 200 0 323 164 \r\n141 324 343 256 323 0 353 \r\n108 232 188 163 164 353 0 \r\n",
            "Output": "0\r\n",
            "CorrectOutput": false,
            "FailMessage": "Output not formatted correctly"
        },
        {
            "Input": "6\r\n0 365 340 313 328 213 \r\n365 0 116 399 100 208 \r\n340 116 0 305 261 304 \r\n313 399 305 0 144 205 \r\n328 100 261 144 0 318 \r\n213 208 304 205 318 0 \r\n",
            "Output": "0\r\n",
            "CorrectOutput": false,
            "FailMessage": "Output not formatted correctly"
        },
        {
            "Input": "7\r\n0 155 127 254 235 161 309 \r\n155 0 309 181 346 149 246 \r\n127 309 0 125 273 391 101 \r\n254 181 125 0 283 106 190 \r\n235 346 273 283 0 358 219 \r\n161 149 391 106 358 0 143 \r\n309 246 101 190 219 143 0 \r\n",
            "Output": "0\r\n",
            "CorrectOutput": false,
            "FailMessage": "Output not formatted correctly"
        },
        {
            "Input": "5\r\n0 239 234 398 364 \r\n239 0 146 123 135 \r\n234 146 0 131 137 \r\n398 123 131 0 132 \r\n364 135 137 132 0 \r\n",
            "Output": "0\r\n",
            "CorrectOutput": false,
            "FailMessage": "Output not formatted correctly"
        },
        {
            "Input": "5\r\n0 164 275 370 145 \r\n164 0 106 306 387 \r\n275 106 0 141 193 \r\n370 306 141 0 244 \r\n145 387 193 244 0 \r\n",
            "Output": "0\r\n",
            "CorrectOutput": false,
            "FailMessage": "Output not formatted correctly"
        },
        {
            "Input": "8\r\n0 150 329 201 194 238 281 299 \r\n150 0 288 269 160 246 296 164 \r\n329 288 0 314 369 359 277 289 \r\n201 269 314 0 339 241 345 329 \r\n194 160 369 339 0 380 218 184 \r\n238 246 359 241 380 0 120 187 \r\n281 296 277 345 218 120 0 192 \r\n299 164 289 329 184 187 192 0 \r\n",
            "Output": "0\r\n",
            "CorrectOutput": false,
            "FailMessage": "Output not formatted correctly"
        },
        {
            "Input": "5\r\n0 335 206 107 295 \r\n335 0 158 279 368 \r\n206 158 0 160 107 \r\n107 279 160 0 191 \r\n295 368 107 191 0 \r\n",
            "Output": "0\r\n",
            "CorrectOutput": false,
            "FailMessage": "Output not formatted correctly"
        },
        {
            "Input": "8\r\n0 377 174 295 226 199 195 201 \r\n377 0 355 342 340 364 334 225 \r\n174 355 0 284 392 330 118 268 \r\n295 342 284 0 352 286 323 248 \r\n226 340 392 352 0 183 333 330 \r\n199 364 330 286 183 0 164 199 \r\n195 334 118 323 333 164 0 350 \r\n201 225 268 248 330 199 350 0 \r\n",
            "Output": "0\r\n",
            "CorrectOutput": false,
            "FailMessage": "Output not formatted correctly"
        },
        {
            "Input": "9\r\n0 306 221 170 209 111 370 315 279 \r\n306 0 327 241 208 224 337 348 181 \r\n221 327 0 311 289 103 174 380 341 \r\n170 241 311 0 296 239 393 158 227 \r\n209 208 289 296 0 121 244 245 262 \r\n111 224 103 239 121 0 326 216 181 \r\n370 337 174 393 244 326 0 293 384 \r\n315 348 380 158 245 216 293 0 199 \r\n279 181 341 227 262 181 384 199 0 \r\n",
            "Output": "0\r\n",
            "CorrectOutput": false,
            "FailMessage": "Output not formatted correctly"
        },
        {
            "Input": "5\r\n0 234 194 377 137 \r\n234 0 285 370 142 \r\n194 285 0 120 343 \r\n377 370 120 0 242 \r\n137 142 343 242 0 \r\n",
            "Output": "0\r\n",
            "CorrectOutput": false,
            "FailMessage": "Output not formatted correctly"
        },
        {
            "Input": "7\r\n0 184 193 122 309 221 340 \r\n184 0 305 175 155 241 386 \r\n193 305 0 285 251 159 277 \r\n122 175 285 0 273 380 260 \r\n309 155 251 273 0 152 376 \r\n221 241 159 380 152 0 219 \r\n340 386 277 260 376 219 0 \r\n",
            "Output": "0\r\n",
            "CorrectOutput": false,
            "FailMessage": "Output not formatted correctly"
        },
        {
            "Input": "9\r\n0 260 387 245 237 236 309 125 261 \r\n260 0 380 167 376 180 226 331 166 \r\n387 380 0 221 132 149 172 392 359 \r\n245 167 221 0 335 359 110 395 319 \r\n237 376 132 335 0 131 268 254 264 \r\n236 180 149 359 131 0 369 262 293 \r\n309 226 172 110 268 369 0 187 260 \r\n125 331 392 395 254 262 187 0 191 \r\n261 166 359 319 264 293 260 191 0 \r\n",
            "Output": "0\r\n",
            "CorrectOutput": false,
            "FailMessage": "Output not formatted correctly"
        },
        {
            "Input": "7\r\n0 268 256 221 227 135 379 \r\n268 0 303 279 104 367 399 \r\n256 303 0 320 394 235 336 \r\n221 279 320 0 267 351 313 \r\n227 104 394 267 0 190 206 \r\n135 367 235 351 190 0 111 \r\n379 399 336 313 206 111 0 \r\n",
            "Output": "0\r\n",
            "CorrectOutput": false,
