{"SucceededTests":[],"FailedTests":[{"Input":"9\r\n0 332 244 138 327 389 358 124 125 \r\n332 0 213 286 177 154 383 208 296 \r\n244 213 0 146 285 271 310 273 181 \r\n138 286 146 0 226 357 365 379 256 \r\n327 177 285 226 0 299 167 181 196 \r\n389 154 271 357 299 0 311 355 269 \r\n358 383 310 365 167 311 0 129 263 \r\n124 208 273 379 181 355 129 0 252 \r\n125 296 181 256 196 269 263 252 0 \r\n","Output":"0\r\n0 1 0 0\r\n0 1 1 1\r\n0 1 2 2\r\n0 1 3 3\r\n0 1 4 4\r\n0 1 5 5\r\n0 1 6 6\r\n0 1 7 7\r\n0 1 8 8\r\n","CorrectOutput":false,"FailMessage":"Output not formatted correctly"},{"Input":"7\r\n0 265 208 259 235 269 100 \r\n265 0 209 127 176 308 359 \r\n208 209 0 174 329 136 375 \r\n259 127 174 0 151 302 338 \r\n235 176 329 151 0 376 355 \r\n269 308 136 302 376 0 151 \r\n100 359 375 338 355 151 0 \r\n","Output":"0\r\n0 1 0 0\r\n0 1 1 1\r\n0 1 2 2\r\n0 1 3 3\r\n0 1 4 4\r\n0 1 5 5\r\n0 1 6 6\r\n","CorrectOutput":false,"FailMessage":"Output not formatted correctly"},{"Input":"7\r\n0 255 284 121 282 367 304 \r\n255 0 334 140 103 326 136 \r\n284 334 0 259 322 269 354 \r\n121 140 259 0 200 136 315 \r\n282 103 322 200 0 246 112 \r\n367 326 269 136 246 0 309 \r\n304 136 354 315 112 309 0 \r\n","Output":"0\r\n0 1 0 0\r\n0 1 1 1\r\n0 1 2 2\r\n0 1 3 3\r\n0 1 4 4\r\n0 1 5 5\r\n0 1 6 6\r\n","CorrectOutput":false,"FailMessage":"Output not formatted correctly"},{"Input":"9\r\n0 382 173 302 240 370 375 379 335 \r\n382 0 162 298 180 162 102 364 254 \r\n173 162 0 303 223 231 341 368 111 \r\n302 298 303 0 198 225 362 204 175 \r\n240 180 223 198 0 216 180 323 344 \r\n370 162 231 225 216 0 166 380 339 \r\n375 102 341 362 180 166 0 326 115 \r\n379 364 368 204 323 380 326 0 264 \r\n335 254 111 175 344 339 115 264 0 \r\n","Output":"0\r\n0 1 0 0\r\n0 1 1 1\r\n0 1 2 2\r\n0 1 3 3\r\n0 1 4 4\r\n0 1 5 5\r\n0 1 6 6\r\n0 1 7 7\r\n0 1 8 8\r\n","CorrectOutput":false,"FailMessage":"Output not formatted correctly"},{"Input":"5\r\n0 248 276 254 187 \r\n248 0 239 159 238 \r\n276 239 0 166 325 \r\n254 159 166 0 101 \r\n187 238 325 101 0 \r\n","Output":"0\r\n0 1 0 0\r\n0 1 1 1\r\n0 1 2 2\r\n0 1 3 3\r\n0 1 4 4\r\n","CorrectOutput":false,"FailMessage":"Output not formatted correctly"},{"Input":"6\r\n0 280 368 158 304 301 \r\n280 0 211 145 242 142 \r\n368 211 0 123 253 362 \r\n158 145 123 0 220 220 \r\n304 242 253 220 0 138 \r\n301 142 362 220 138 0 \r\n","Output":"0\r\n0 1 0 0\r\n0 1 1 1\r\n0 1 2 2\r\n0 1 3 3\r\n0 1 4 4\r\n0 1 5 5\r\n","CorrectOutput":false,"FailMessage":"Output not formatted correctly"},{"Input":"7\r\n0 366 362 332 118 138 157 \r\n366 0 363 247 152 156 258 \r\n362 363 0 174 178 160 180 \r\n332 247 174 0 188 227 173 \r\n118 152 178 188 0 302 380 \r\n138 156 160 227 302 0 224 \r\n157 258 180 173 380 224 0 \r\n","Output":"0\r\n0 1 0 0\r\n0 1 1 1\r\n0 1 2 2\r\n0 1 3 3\r\n0 1 4 4\r\n0 1 5 5\r\n0 1 6 6\r\n","CorrectOutput":false,"FailMessage":"Output not formatted correctly"},{"Input":"8\r\n0 175 378 164 194 162 256 177 \r\n175 0 253 254 124 323 120 217 \r\n378 253 0 234 114 148 165 190 \r\n164 254 234 0 299 186 225 161 \r\n194 124 114 299 0 298 123 186 \r\n162 323 148 186 298 0 285 298 \r\n256 120 165 225 123 285 0 236 \r\n177 217 190 161 186 298 236 0 \r\n","Output":"0\r\n0 1 0 0\r\n0 1 1 1\r\n0 1 2 2\r\n0 1 3 3\r\n0 1 4 4\r\n0 1 5 5\r\n0 1 6 6\r\n0 1 7 7\r\n","CorrectOutput":false,"FailMessage":"Output not formatted correctly"},{"Input":"5\r\n0 136 138 395 295 \r\n136 0 143 312 306 \r\n138 143 0 382 198 \r\n395 312 382 0 211 \r\n295 306 198 211 0 \r\n","Output":"0\r\n0 1 0 0\r\n0 1 1 1\r\n0 1 2 2\r\n0 1 3 3\r\n0 1 4 4\r\n","CorrectOutput":false,"FailMessage":"Output not formatted correctly"},{"Input":"7\r\n0 273 108 302 189 354 370 \r\n273 0 215 267 128 365 309 \r\n108 215 0 169 181 382 214 \r\n302 267 169 0 234 253 395 \r\n189 128 181 234 0 383 349 \r\n354 365 382 253 383 0 112 \r\n370 309 214 395 349 112 0 \r\n","Output":"0\r\n0 1 0 0\r\n0 1 1 1\r\n0 1 2 2\r\n0 1 3 3\r\n0 1 4 4\r\n0 1 5 5\r\n0 1 6 6\r\n","CorrectOutput":false,"FailMessage":"Output not formatted correctly"},{"Input":"7\r\n0 370 329 383 166 267 316 \r\n370 0 288 110 266 347 284 \r\n329 288 0 208 221 362 348 \r\n383 110 208 0 280 318 348 \r\n166 266 221 280 0 131 194 \r\n267 347 362 318 131 0 350 \r\n316 284 348 348 194 350 0 \r\n","Output":"0\r\n0 1 0 0\r\n0 1 1 1\r\n0 1 2 2\r\n0 1 3 3\r\n0 1 4 4\r\n0 1 5 5\r\n0 1 6 6\r\n","CorrectOutput":false,"FailMessage":"Output not formatted correctly"},{"Input":"6\r\n0 157 237 312 231 391 \r\n157 0 196 169 270 264 \r\n237 196 0 321 260 152 \r\n312 169 321 0 111 150 \r\n231 270 260 111 0 321 \r\n391 264 152 150 321 0 \r\n","Output":"0\r\n0 1 0 0\r\n0 1 1 1\r\n0 1 2 2\r\n0 1 3 3\r\n0 1 4 4\r\n0 1 5 5\r\n","CorrectOutput":false,"FailMessage":"Output not formatted correctly"},{"Input":"9\r\n0 106 102 320 173 332 266 110 320 \r\n106 0 107 321 340 161 147 239 238 \r\n102 107 0 108 285 291 250 348 152 \r\n320 321 108 0 204 137 108 228 269 \r\n173 340 285 204 0 135 290 123 389 \r\n332 161 291 137 135 0 114 276 284 \r\n266 147 250 108 290 114 0 312 316 \r\n110 239 348 228 123 276 312 0 303 \r\n320 238 152 269 389 284 316 303 0 \r\n","Output":"0\r\n0 1 0 0\r\n0 1 1 1\r\n0 1 2 2\r\n0 1 3 3\r\n0 1 4 4\r\n0 1 5 5\r\n0 1 6 6\r\n0 1 7 7\r\n0 1 8 8\r\n","CorrectOutput":false,"FailMessage":"Output not formatted correctly"},{"Input":"9\r\n0 249 202 361 327 178 249 399 140 \r\n249 0 155 259 372 243 233 192 171 \r\n202 155 0 294 301 146 164 112 168 \r\n361 259 294 0 268 132 378 279 392 \r\n327 372 301 268 0 326 278 233 316 \r\n178 243 146 132 326 0 274 322 152 \r\n249 233 164 378 278 274 0 338 313 \r\n399 192 112 279 233 322 338 0 126 \r\n140 171 168 392 316 152 313 126 0 \r\n","Output":"0\r\n0 1 0 0\r\n0 1 1 1\r\n0 1 2 2\r\n0 1 3 3\r\n0 1 4 4\r\n0 1 5 5\r\n0 1 6 6\r\n0 1 7 7\r\n0 1 8 8\r\n","CorrectOutput":false,"FailMessage":"Output not formatted correctly"},{"Input":"4\r\n0 176 360 339 \r\n176 0 303 290 \r\n360 303 0 307 \r\n339 290 307 0 \r\n","Output":"0\r\n0 1 0 0\r\n0 1 1 1\r\n0 1 2 2\r\n0 1 3 3\r\n","CorrectOutput":false,"FailMessage":"Output not formatted correctly"},{"Input":"6\r\n0 160 313 360 183 106 \r\n160 0 247 344 379 202 \r\n313 247 0 100 276 189 \r\n360 344 100 0 244 163 \r\n183 379 276 244 0 238 \r\n106 202 189 163 238 0 \r\n","Output":"0\r\n0 1 0 0\r\n0 1 1 1\r\n0 1 2 2\r\n0 1 3 3\r\n0 1 4 4\r\n0 1 5 5\r\n","CorrectOutput":false,"FailMessage":"Output not formatted correctly"},{"Input":"9\r\n0 362 197 320 201 236 385 182 373 \r\n362 0 122 349 332 162 161 325 355 \r\n197 122 0 265 111 240 388 335 356 \r\n320 349 265 0 149 105 359 234 127 \r\n201 332 111 149 0 201 141 212 149 \r\n236 162 240 105 201 0 294 324 249 \r\n385 161 388 359 141 294 0 251 327 \r\n182 325 335 234 212 324 251 0 108 \r\n373 355 356 127 149 249 327 108 0 \r\n","Output":"0\r\n0 1 0 0\r\n0 1 1 1\r\n0 1 2 2\r\n0 1 3 3\r\n0 1 4 4\r\n0 1 5 5\r\n0 1 6 6\r\n0 1 7 7\r\n0 1 8 8\r\n","CorrectOutput":false,"FailMessage":"Output not formatted correctly"},{"Input":"5\r\n0 378 124 208 204 \r\n378 0 159 187 174 \r\n124 159 0 280 384 \r\n208 187 280 0 116 \r\n204 174 384 116 0 \r\n","Output":"0\r\n0 1 0 0\r\n0 1 1 1\r\n0 1 2 2\r\n0 1 3 3\r\n0 1 4 4\r\n","CorrectOutput":false,"FailMessage":"Output not formatted correctly"},{"Input":"9\r\n0 137 318 374 203 348 371 146 173 \r\n137 0 293 361 128 189 232 173 396 \r\n318 293 0 338 114 213 391 143 127 \r\n374 361 338 0 266 349 396 143 165 \r\n203 128 114 266 0 327 226 323 158 \r\n348 189 213 349 327 0 253 288 139 \r\n371 232 391 396 226 253 0 229 222 \r\n146 173 143 143 323 288 229 0 268 \r\n173 396 127 165 158 139 222 268 0 \r\n","Output":"0\r\n0 1 0 0\r\n0 1 1 1\r\n0 1 2 2\r\n0 1 3 3\r\n0 1 4 4\r\n0 1 5 5\r\n0 1 6 6\r\n0 1 7 7\r\n0 1 8 8\r\n","CorrectOutput":false,"FailMessage":"Output not formatted correctly"},{"Input":"7\r\n0 313 306 111 144 275 163 \r\n313 0 314 323 391 173 367 \r\n306 314 0 187 203 110 300 \r\n111 323 187 0 259 176 115 \r\n144 391 203 259 0 367 228 \r\n275 173 110 176 367 0 182 \r\n163 367 300 115 228 182 0 \r\n","Output":"0\r\n0 1 0 0\r\n0 1 1 1\r\n0 1 2 2\r\n0 1 3 3\r\n0 1 4 4\r\n0 1 5 5\r\n0 1 6 6\r\n","CorrectOutput":false,"FailMessage":"Output not formatted correctly"},{"Input":"8\r\n0 276 147 131 189 223 148 143 \r\n276 0 145 388 237 156 346 339 \r\n147 145 0 334 194 187 210 292 \r\n131 388 334 0 321 174 232 121 \r\n189 237 194 321 0 323 265 319 \r\n223 156 187 174 323 0 294 125 \r\n148 346 210 232 265 294 0 196 \r\n143 339 292 121 319 125 196 0 \r\n","Output":"0\r\n0 1 0 0\r\n0 1 1 1\r\n0 1 2 2\r\n0 1 3 3\r\n0 1 4 4\r\n0 1 5 5\r\n0 1 6 6\r\n0 1 7 7\r\n","CorrectOutput":false,"FailMessage":"Output not formatted correctly"},{"Input":"6\r\n0 246 208 278 381 141 \r\n246 0 141 351 397 154 \r\n208 141 0 328 318 383 \r\n278 351 328 0 135 251 \r\n381 397 318 135 0 212 \r\n141 154 383 251 212 0 \r\n","Output":"0\r\n0 1 0 0\r\n0 1 1 1\r\n0 1 2 2\r\n0 1 3 3\r\n0 1 4 4\r\n0 1 5 5\r\n","CorrectOutput":false,"FailMessage":"Output not formatted correctly"},{"Input":"5\r\n0 117 325 199 357 \r\n117 0 252 165 348 \r\n325 252 0 357 380 \r\n199 165 357 0 124 \r\n357 348 380 124 0 \r\n","Output":"0\r\n0 1 0 0\r\n0 1 1 1\r\n0 1 2 2\r\n0 1 3 3\r\n0 1 4 4\r\n","CorrectOutput":false,"FailMessage":"Output not formatted correctly"},{"Input":"5\r\n0 329 156 383 128 \r\n329 0 363 111 191 \r\n156 363 0 350 235 \r\n383 111 350 0 287 \r\n128 191 235 287 0 \r\n","Output":"0\r\n0 1 0 0\r\n0 1 1 1\r\n0 1 2 2\r\n0 1 3 3\r\n0 1 4 4\r\n","CorrectOutput":false,"FailMessage":"Output not formatted correctly"},{"Input":"4\r\n0 105 190 319 \r\n105 0 318 210 \r\n190 318 0 274 \r\n319 210 274 0 \r\n","Output":"0\r\n0 1 0 0\r\n0 1 1 1\r\n0 1 2 2\r\n0 1 3 3\r\n","CorrectOutput":false,"FailMessage":"Output not formatted correctly"},{"Input":"4\r\n0 184 253 329 \r\n184 0 279 106 \r\n253 279 0 354 \r\n329 106 354 0 \r\n","Output":"0\r\n0 1 0 0\r\n0 1 1 1\r\n0 1 2 2\r\n0 1 3 3\r\n","CorrectOutput":false,"FailMessage":"Output not formatted correctly"},{"Input":"9\r\n0 137 219 328 274 106 322 126 214 \r\n137 0 369 393 283 156 326 120 129 \r\n219 369 0 308 333 391 338 225 200 \r\n328 393 308 0 342 316 364 290 331 \r\n274 283 333 342 0 212 112 252 168 \r\n106 156 391 316 212 0 345 372 321 \r\n322 326 338 364 112 345 0 371 135 \r\n126 120 225 290 252 372 371 0 169 \r\n214 129 200 331 168 321 135 169 0 \r\n","Output":"0\r\n0 1 0 0\r\n0 1 1 1\r\n0 1 2 2\r\n0 1 3 3\r\n0 1 4 4\r\n0 1 5 5\r\n0 1 6 6\r\n0 1 7 7\r\n0 1 8 8\r\n","CorrectOutput":false,"FailMessage":"Output not formatted correctly"},{"Input":"7\r\n0 216 307 333 338 354 154 \r\n216 0 223 161 362 304 300 \r\n307 223 0 109 295 310 148 \r\n333 161 109 0 256 399 327 \r\n338 362 295 256 0 306 122 \r\n354 304 310 399 306 0 266 \r\n154 300 148 327 122 266 0 \r\n","Output":"0\r\n0 1 0 0\r\n0 1 1 1\r\n0 1 2 2\r\n0 1 3 3\r\n0 1 4 4\r\n0 1 5 5\r\n0 1 6 6\r\n","CorrectOutput":false,"FailMessage":"Output not formatted correctly"},{"Input":"8\r\n0 328 218 340 392 351 202 276 \r\n328 0 306 217 296 254 338 312 \r\n218 306 0 344 332 243 315 260 \r\n340 217 344 0 290 234 280 308 \r\n392 296 332 290 0 395 333 217 \r\n351 254 243 234 395 0 285 111 \r\n202 338 315 280 333 285 0 364 \r\n276 312 260 308 217 111 364 0 \r\n","Output":"0\r\n0 1 0 0\r\n0 1 1 1\r\n0 1 2 2\r\n0 1 3 3\r\n0 1 4 4\r\n0 1 5 5\r\n0 1 6 6\r\n0 1 7 7\r\n","CorrectOutput":false,"FailMessage":"Output not formatted correctly"},{"Input":"7\r\n0 345 137 393 152 240 124 \r\n345 0 230 341 165 105 351 \r\n137 230 0 243 256 251 391 \r\n393 341 243 0 295 115 382 \r\n152 165 256 295 0 115 361 \r\n240 105 251 115 115 0 315 \r\n124 351 391 382 361 315 0 \r\n","Output":"0\r\n0 1 0 0\r\n0 1 1 1\r\n0 1 2 2\r\n0 1 3 3\r\n0 1 4 4\r\n0 1 5 5\r\n0 1 6 6\r\n","CorrectOutput":false,"FailMessage":"Output not formatted correctly"},{"Input":"8\r\n0 120 227 176 159 193 198 106 \r\n120 0 113 351 352 395 182 195 \r\n227 113 0 302 392 215 255 382 \r\n176 351 302 0 303 363 164 238 \r\n159 352 392 303 0 110 221 187 \r\n193 395 215 363 110 0 100 293 \r\n198 182 255 164 221 100 0 100 \r\n106 195 382 238 187 293 100 0 \r\n","Output":"0\r\n0 1 0 0\r\n0 1 1 1\r\n0 1 2 2\r\n0 1 3 3\r\n0 1 4 4\r\n0 1 5 5\r\n0 1 6 6\r\n0 1 7 7\r\n","CorrectOutput":false,"FailMessage":"Output not formatted correctly"},{"Input":"8\r\n0 336 250 177 110 255 298 356 \r\n336 0 359 128 105 133 300 294 \r\n250 359 0 265 124 104 233 294 \r\n177 128 265 0 192 227 303 377 \r\n110 105 124 192 0 263 360 335 \r\n255 133 104 227 263 0 199 349 \r\n298 300 233 303 360 199 0 396 \r\n356 294 294 377 335 349 396 0 \r\n","Output":"0\r\n0 1 0 0\r\n0 1 1 1\r\n0 1 2 2\r\n0 1 3 3\r\n0 1 4 4\r\n0 1 5 5\r\n0 1 6 6\r\n0 1 7 7\r\n","CorrectOutput":false,"FailMessage":"Output not formatted correctly"},{"Input":"5\r\n0 307 395 381 131 \r\n307 0 204 210 191 \r\n395 204 0 170 108 \r\n381 210 170 0 253 \r\n131 191 108 253 0 \r\n","Output":"0\r\n0 1 0 0\r\n0 1 1 1\r\n0 1 2 2\r\n0 1 3 3\r\n0 1 4 4\r\n","CorrectOutput":false,"FailMessage":"Output not formatted correctly"},{"Input":"4\r\n0 304 227 247 \r\n304 0 120 248 \r\n227 120 0 197 \r\n247 248 197 0 \r\n","Output":"0\r\n0 1 0 0\r\n0 1 1 1\r\n0 1 2 2\r\n0 1 3 3\r\n","CorrectOutput":false,"FailMessage":"Output not formatted correctly"},{"Input":"4\r\n0 356 300 328 \r\n356 0 353 209 \r\n300 353 0 104 \r\n328 209 104 0 \r\n","Output":"0\r\n0 1 0 0\r\n0 1 1 1\r\n0 1 2 2\r\n0 1 3 3\r\n","CorrectOutput":false,"FailMessage":"Output not formatted correctly"},{"Input":"7\r\n0 208 271 199 316 241 280 \r\n208 0 171 310 230 350 321 \r\n271 171 0 232 366 255 138 \r\n199 310 232 0 369 300 139 \r\n316 230 366 369 0 300 330 \r\n241 350 255 300 300 0 374 \r\n280 321 138 139 330 374 0 \r\n","Output":"0\r\n0 1 0 0\r\n0 1 1 1\r\n0 1 2 2\r\n0 1 3 3\r\n0 1 4 4\r\n0 1 5 5\r\n0 1 6 6\r\n","CorrectOutput":false,"FailMessage":"Output not formatted correctly"},{"Input":"4\r\n0 392 171 148 \r\n392 0 130 191 \r\n171 130 0 374 \r\n148 191 374 0 \r\n","Output":"0\r\n0 1 0 0\r\n0 1 1 1\r\n0 1 2 2\r\n0 1 3 3\r\n","CorrectOutput":false,"FailMessage":"Output not formatted correctly"},{"Input":"7\r\n0 346 338 288 309 124 269 \r\n346 0 127 236 101 212 154 \r\n338 127 0 270 322 262 273 \r\n288 236 270 0 350 357 388 \r\n309 101 322 350 0 379 224 \r\n124 212 262 357 379 0 146 \r\n269 154 273 388 224 146 0 \r\n","Output":"0\r\n0 1 0 0\r\n0 1 1 1\r\n0 1 2 2\r\n0 1 3 3\r\n0 1 4 4\r\n0 1 5 5\r\n0 1 6 6\r\n","CorrectOutput":false,"FailMessage":"Output not formatted correctly"},{"Input":"5\r\n0 279 313 394 175 \r\n279 0 312 186 169 \r\n313 312 0 178 240 \r\n394 186 178 0 128 \r\n175 169 240 128 0 \r\n","Output":"0\r\n0 1 0 0\r\n0 1 1 1\r\n0 1 2 2\r\n0 1 3 3\r\n0 1 4 4\r\n","CorrectOutput":false,"FailMessage":"Output not formatted correctly"},{"Input":"8\r\n0 143 315 239 201 396 380 150 \r\n143 0 325 150 321 365 362 291 \r\n315 325 0 215 151 259 163 221 \r\n239 150 215 0 371 261 182 349 \r\n201 321 151 371 0 130 310 184 \r\n396 365 259 261 130 0 266 313 \r\n380 362 163 182 310 266 0 238 \r\n150 291 221 349 184 313 238 0 \r\n","Output":"0\r\n0 1 0 0\r\n0 1 1 1\r\n0 1 2 2\r\n0 1 3 3\r\n0 1 4 4\r\n0 1 5 5\r\n0 1 6 6\r\n0 1 7 7\r\n","CorrectOutput":false,"FailMessage":"Output not formatted correctly"},{"Input":"8\r\n0 260 137 358 293 283 313 281 \r\n260 0 250 293 123 320 326 256 \r\n137 250 0 144 120 310 124 107 \r\n358 293 144 0 126 250 113 274 \r\n293 123 120 126 0 375 316 117 \r\n283 320 310 250 375 0 375 268 \r\n313 326 124 113 316 375 0 159 \r\n281 256 107 274 117 268 159 0 \r\n","Output":"0\r\n0 1 0 0\r\n0 1 1 1\r\n0 1 2 2\r\n0 1 3 3\r\n0 1 4 4\r\n0 1 5 5\r\n0 1 6 6\r\n0 1 7 7\r\n","CorrectOutput":false,"FailMessage":"Output not formatted correctly"},{"Input":"4\r\n0 335 384 128 \r\n335 0 361 268 \r\n384 361 0 399 \r\n128 268 399 0 \r\n","Output":"0\r\n0 1 0 0\r\n0 1 1 1\r\n0 1 2 2\r\n0 1 3 3\r\n","CorrectOutput":false,"FailMessage":"Output not formatted correctly"},{"Input":"5\r\n0 277 158 284 345 \r\n277 0 322 323 248 \r\n158 322 0 336 312 \r\n284 323 336 0 394 \r\n345 248 312 394 0 \r\n","Output":"0\r\n0 1 0 0\r\n0 1 1 1\r\n0 1 2 2\r\n0 1 3 3\r\n0 1 4 4\r\n","CorrectOutput":false,"FailMessage":"Output not formatted correctly"},{"Input":"4\r\n0 305 109 353 \r\n305 0 143 125 \r\n109 143 0 224 \r\n353 125 224 0 \r\n","Output":"0\r\n0 1 0 0\r\n0 1 1 1\r\n0 1 2 2\r\n0 1 3 3\r\n","CorrectOutput":false,"FailMessage":"Output not formatted correctly"},{"Input":"8\r\n0 168 381 392 336 315 180 220 \r\n168 0 255 222 337 157 305 134 \r\n381 255 0 379 334 194 310 185 \r\n392 222 379 0 336 389 269 227 \r\n336 337 334 336 0 232 192 373 \r\n315 157 194 389 232 0 202 141 \r\n180 305 310 269 192 202 0 192 \r\n220 134 185 227 373 141 192 0 \r\n","Output":"0\r\n0 1 0 0\r\n0 1 1 1\r\n0 1 2 2\r\n0 1 3 3\r\n0 1 4 4\r\n0 1 5 5\r\n0 1 6 6\r\n0 1 7 7\r\n","CorrectOutput":false,"FailMessage":"Output not formatted correctly"},{"Input":"7\r\n0 144 232 283 121 383 142 \r\n144 0 292 372 146 357 328 \r\n232 292 0 379 251 179 315 \r\n283 372 379 0 320 231 198 \r\n121 146 251 320 0 389 266 \r\n383 357 179 231 389 0 199 \r\n142 328 315 198 266 199 0 \r\n","Output":"0\r\n0 1 0 0\r\n0 1 1 1\r\n0 1 2 2\r\n0 1 3 3\r\n0 1 4 4\r\n0 1 5 5\r\n0 1 6 6\r\n","CorrectOutput":false,"FailMessage":"Output not formatted correctly"},{"Input":"9\r\n0 398 112 338 132 221 306 138 115 \r\n398 0 123 111 123 229 301 110 392 \r\n112 123 0 296 359 278 374 132 147 \r\n338 111 296 0 128 342 386 302 253 \r\n132 123 359 128 0 205 277 339 332 \r\n221 229 278 342 205 0 152 379 392 \r\n306 301 374 386 277 152 0 123 187 \r\n138 110 132 302 339 379 123 0 399 \r\n115 392 147 253 332 392 187 399 0 \r\n","Output":"0\r\n0 1 0 0\r\n0 1 1 1\r\n0 1 2 2\r\n0 1 3 3\r\n0 1 4 4\r\n0 1 5 5\r\n0 1 6 6\r\n0 1 7 7\r\n0 1 8 8\r\n","CorrectOutput":false,"FailMessage":"Output not formatted correctly"},{"Input":"7\r\n0 315 216 157 305 138 283 \r\n315 0 306 269 353 391 252 \r\n216 306 0 143 307 201 257 \r\n157 269 143 0 210 275 352 \r\n305 353 307 210 0 184 110 \r\n138 391 201 275 184 0 351 \r\n283 252 257 352 110 351 0 \r\n","Output":"0\r\n0 1 0 0\r\n0 1 1 1\r\n0 1 2 2\r\n0 1 3 3\r\n0 1 4 4\r\n0 1 5 5\r\n0 1 6 6\r\n","CorrectOutput":false,"FailMessage":"Output not formatted correctly"},{"Input":"5\r\n0 355 249 384 275 \r\n355 0 121 119 158 \r\n249 121 0 356 292 \r\n384 119 356 0 220 \r\n275 158 292 220 0 \r\n","Output":"0\r\n0 1 0 0\r\n0 1 1 1\r\n0 1 2 2\r\n0 1 3 3\r\n0 1 4 4\r\n","CorrectOutput":false,"FailMessage":"Output not formatted correctly"},{"Input":"4\r\n0 256 382 261 \r\n256 0 315 193 \r\n382 315 0 252 \r\n261 193 252 0 \r\n","Output":"0\r\n0 1 0 0\r\n0 1 1 1\r\n0 1 2 2\r\n0 1 3 3\r\n","CorrectOutput":false,"FailMessage":"Output not formatted correctly"},{"Input":"6\r\n0 132 286 129 233 239 \r\n132 0 391 355 183 166 \r\n286 391 0 334 131 127 \r\n129 355 334 0 328 319 \r\n233 183 131 328 0 129 \r\n239 166 127 319 129 0 \r\n","Output":"0\r\n0 1 0 0\r\n0 1 1 1\r\n0 1 2 2\r\n0 1 3 3\r\n0 1 4 4\r\n0 1 5 5\r\n","CorrectOutput":false,"FailMessage":"Output not formatted correctly"},{"Input":"6\r\n0 173 142 122 348 183 \r\n173 0 315 298 179 231 \r\n142 315 0 169 351 335 \r\n122 298 169 0 108 173 \r\n348 179 351 108 0 334 \r\n183 231 335 173 334 0 \r\n","Output":"0\r\n0 1 0 0\r\n0 1 1 1\r\n0 1 2 2\r\n0 1 3 3\r\n0 1 4 4\r\n0 1 5 5\r\n","CorrectOutput":false,"FailMessage":"Output not formatted correctly"},{"Input":"8\r\n0 205 385 184 120 364 104 170 \r\n205 0 370 249 267 126 293 385 \r\n385 370 0 334 233 130 184 117 \r\n184 249 334 0 362 318 333 371 \r\n120 267 233 362 0 337 330 166 \r\n364 126 130 318 337 0 326 144 \r\n104 293 184 333 330 326 0 390 \r\n170 385 117 371 166 144 390 0 \r\n","Output":"0\r\n0 1 0 0\r\n0 1 1 1\r\n0 1 2 2\r\n0 1 3 3\r\n0 1 4 4\r\n0 1 5 5\r\n0 1 6 6\r\n0 1 7 7\r\n","CorrectOutput":false,"FailMessage":"Output not formatted correctly"},{"Input":"5\r\n0 229 240 317 378 \r\n229 0 272 230 226 \r\n240 272 0 116 238 \r\n317 230 116 0 375 \r\n378 226 238 375 0 \r\n","Output":"0\r\n0 1 0 0\r\n0 1 1 1\r\n0 1 2 2\r\n0 1 3 3\r\n0 1 4 4\r\n","CorrectOutput":false,"FailMessage":"Output not formatted correctly"},{"Input":"5\r\n0 204 107 242 122 \r\n204 0 116 264 388 \r\n107 116 0 372 140 \r\n242 264 372 0 193 \r\n122 388 140 193 0 \r\n","Output":"0\r\n0 1 0 0\r\n0 1 1 1\r\n0 1 2 2\r\n0 1 3 3\r\n0 1 4 4\r\n","CorrectOutput":false,"FailMessage":"Output not formatted correctly"},{"Input":"4\r\n0 290 209 278 \r\n290 0 241 273 \r\n209 241 0 312 \r\n278 273 312 0 \r\n","Output":"0\r\n0 1 0 0\r\n0 1 1 1\r\n0 1 2 2\r\n0 1 3 3\r\n","CorrectOutput":false,"FailMessage":"Output not formatted correctly"},{"Input":"8\r\n0 396 169 269 340 104 208 264 \r\n396 0 138 204 308 350 377 140 \r\n169 138 0 313 173 343 204 372 \r\n269 204 313 0 127 283 127 197 \r\n340 308 173 127 0 280 262 242 \r\n104 350 343 283 280 0 102 342 \r\n208 377 204 127 262 102 0 359 \r\n264 140 372 197 242 342 359 0 \r\n","Output":"0\r\n0 1 0 0\r\n0 1 1 1\r\n0 1 2 2\r\n0 1 3 3\r\n0 1 4 4\r\n0 1 5 5\r\n0 1 6 6\r\n0 1 7 7\r\n","CorrectOutput":false,"FailMessage":"Output not formatted correctly"},{"Input":"9\r\n0 213 307 206 354 138 258 386 347 \r\n213 0 251 331 133 106 276 393 358 \r\n307 251 0 285 167 318 363 341 121 \r\n206 331 285 0 316 363 119 279 310 \r\n354 133 167 316 0 141 380 286 252 \r\n138 106 318 363 141 0 373 277 269 \r\n258 276 363 119 380 373 0 344 348 \r\n386 393 341 279 286 277 344 0 303 \r\n347 358 121 310 252 269 348 303 0 \r\n","Output":"0\r\n0 1 0 0\r\n0 1 1 1\r\n0 1 2 2\r\n0 1 3 3\r\n0 1 4 4\r\n0 1 5 5\r\n0 1 6 6\r\n0 1 7 7\r\n0 1 8 8\r\n","CorrectOutput":false,"FailMessage":"Output not formatted correctly"},{"Input":"7\r\n0 299 264 399 104 216 390 \r\n299 0 330 283 251 244 202 \r\n264 330 0 126 244 139 360 \r\n399 283 126 0 302 366 188 \r\n104 251 244 302 0 213 362 \r\n216 244 139 366 213 0 228 \r\n390 202 360 188 362 228 0 \r\n","Output":"0\r\n0 1 0 0\r\n0 1 1 1\r\n0 1 2 2\r\n0 1 3 3\r\n0 1 4 4\r\n0 1 5 5\r\n0 1 6 6\r\n","CorrectOutput":false,"FailMessage":"Output not formatted correctly"},{"Input":"7\r\n0 178 322 127 205 396 342 \r\n178 0 140 363 166 214 140 \r\n322 140 0 180 287 198 286 \r\n127 363 180 0 381 134 297 \r\n205 166 287 381 0 388 129 \r\n396 214 198 134 388 0 345 \r\n342 140 286 297 129 345 0 \r\n","Output":"0\r\n0 1 0 0\r\n0 1 1 1\r\n0 1 2 2\r\n0 1 3 3\r\n0 1 4 4\r\n0 1 5 5\r\n0 1 6 6\r\n","CorrectOutput":false,"FailMessage":"Output not formatted correctly"},{"Input":"7\r\n0 321 218 295 288 341 368 \r\n321 0 276 148 278 232 346 \r\n218 276 0 357 155 294 193 \r\n295 148 357 0 304 264 197 \r\n288 278 155 304 0 160 137 \r\n341 232 294 264 160 0 154 \r\n368 346 193 197 137 154 0 \r\n","Output":"0\r\n0 1 0 0\r\n0 1 1 1\r\n0 1 2 2\r\n0 1 3 3\r\n0 1 4 4\r\n0 1 5 5\r\n0 1 6 6\r\n","CorrectOutput":false,"FailMessage":"Output not formatted correctly"},{"Input":"8\r\n0 240 285 298 201 300 246 183 \r\n240 0 245 370 257 294 212 106 \r\n285 245 0 259 125 130 159 195 \r\n298 370 259 0 191 166 175 153 \r\n201 257 125 191 0 266 247 120 \r\n300 294 130 166 266 0 325 278 \r\n246 212 159 175 247 325 0 312 \r\n183 106 195 153 120 278 312 0 \r\n","Output":"0\r\n0 1 0 0\r\n0 1 1 1\r\n0 1 2 2\r\n0 1 3 3\r\n0 1 4 4\r\n0 1 5 5\r\n0 1 6 6\r\n0 1 7 7\r\n","CorrectOutput":false,"FailMessage":"Output not formatted correctly"},{"Input":"8\r\n0 136 120 301 347 128 371 133 \r\n136 0 240 323 204 253 102 287 \r\n120 240 0 156 223 385 191 263 \r\n301 323 156 0 127 202 276 236 \r\n347 204 223 127 0 349 370 116 \r\n128 253 385 202 349 0 388 173 \r\n371 102 191 276 370 388 0 240 \r\n133 287 263 236 116 173 240 0 \r\n","Output":"0\r\n0 1 0 0\r\n0 1 1 1\r\n0 1 2 2\r\n0 1 3 3\r\n0 1 4 4\r\n0 1 5 5\r\n0 1 6 6\r\n0 1 7 7\r\n","CorrectOutput":false,"FailMessage":"Output not formatted correctly"},{"Input":"6\r\n0 146 137 333 208 373 \r\n146 0 338 213 156 137 \r\n137 338 0 160 197 211 \r\n333 213 160 0 177 325 \r\n208 156 197 177 0 279 \r\n373 137 211 325 279 0 \r\n","Output":"0\r\n0 1 0 0\r\n0 1 1 1\r\n0 1 2 2\r\n0 1 3 3\r\n0 1 4 4\r\n0 1 5 5\r\n","CorrectOutput":false,"FailMessage":"Output not formatted correctly"},{"Input":"5\r\n0 320 164 221 293 \r\n320 0 244 319 231 \r\n164 244 0 178 139 \r\n221 319 178 0 162 \r\n293 231 139 162 0 \r\n","Output":"0\r\n0 1 0 0\r\n0 1 1 1\r\n0 1 2 2\r\n0 1 3 3\r\n0 1 4 4\r\n","CorrectOutput":false,"FailMessage":"Output not formatted correctly"},{"Input":"8\r\n0 193 359 359 122 175 122 204 \r\n193 0 155 281 224 182 116 367 \r\n359 155 0 342 266 291 125 286 \r\n359 281 342 0 123 391 100 130 \r\n122 224 266 123 0 377 345 122 \r\n175 182 291 391 377 0 144 145 \r\n122 116 125 100 345 144 0 179 \r\n204 367 286 130 122 145 179 0 \r\n","Output":"0\r\n0 1 0 0\r\n0 1 1 1\r\n0 1 2 2\r\n0 1 3 3\r\n0 1 4 4\r\n0 1 5 5\r\n0 1 6 6\r\n0 1 7 7\r\n","CorrectOutput":false,"FailMessage":"Output not formatted correctly"},{"Input":"6\r\n0 241 150 218 151 148 \r\n241 0 156 201 177 350 \r\n150 156 0 240 200 263 \r\n218 201 240 0 311 125 \r\n151 177 200 311 0 271 \r\n148 350 263 125 271 0 \r\n","Output":"0\r\n0 1 0 0\r\n0 1 1 1\r\n0 1 2 2\r\n0 1 3 3\r\n0 1 4 4\r\n0 1 5 5\r\n","CorrectOutput":false,"FailMessage":"Output not formatted correctly"},{"Input":"7\r\n0 147 281 203 293 252 344 \r\n147 0 192 285 381 327 312 \r\n281 192 0 368 347 185 191 \r\n203 285 368 0 380 239 134 \r\n293 381 347 380 0 220 149 \r\n252 327 185 239 220 0 395 \r\n344 312 191 134 149 395 0 \r\n","Output":"0\r\n0 1 0 0\r\n0 1 1 1\r\n0 1 2 2\r\n0 1 3 3\r\n0 1 4 4\r\n0 1 5 5\r\n0 1 6 6\r\n","CorrectOutput":false,"FailMessage":"Output not formatted correctly"},{"Input":"9\r\n0 252 301 109 395 183 274 227 128 \r\n252 0 209 168 322 200 228 193 297 \r\n301 209 0 365 237 126 293 165 216 \r\n109 168 365 0 328 355 232 350 185 \r\n395 322 237 328 0 349 314 158 185 \r\n183 200 126 355 349 0 363 204 277 \r\n274 228 293 232 314 363 0 280 262 \r\n227 193 165 350 158 204 280 0 177 \r\n128 297 216 185 185 277 262 177 0 \r\n","Output":"0\r\n0 1 0 0\r\n0 1 1 1\r\n0 1 2 2\r\n0 1 3 3\r\n0 1 4 4\r\n0 1 5 5\r\n0 1 6 6\r\n0 1 7 7\r\n0 1 8 8\r\n","CorrectOutput":false,"FailMessage":"Output not formatted correctly"},{"Input":"4\r\n0 208 233 336 \r\n208 0 312 253 \r\n233 312 0 275 \r\n336 253 275 0 \r\n","Output":"0\r\n0 1 0 0\r\n0 1 1 1\r\n0 1 2 2\r\n0 1 3 3\r\n","CorrectOutput":false,"FailMessage":"Output not formatted correctly"},{"Input":"6\r\n0 218 226 279 285 209 \r\n218 0 280 374 231 118 \r\n226 280 0 347 236 119 \r\n279 374 347 0 326 331 \r\n285 231 236 326 0 358 \r\n209 118 119 331 358 0 \r\n","Output":"0\r\n0 1 0 0\r\n0 1 1 1\r\n0 1 2 2\r\n0 1 3 3\r\n0 1 4 4\r\n0 1 5 5\r\n","CorrectOutput":false,"FailMessage":"Output not formatted correctly"},{"Input":"8\r\n0 304 245 309 250 399 210 142 \r\n304 0 207 319 128 253 371 227 \r\n245 207 0 396 246 244 388 210 \r\n309 319 396 0 265 214 236 209 \r\n250 128 246 265 0 373 104 243 \r\n399 253 244 214 373 0 302 124 \r\n210 371 388 236 104 302 0 100 \r\n142 227 210 209 243 124 100 0 \r\n","Output":"0\r\n0 1 0 0\r\n0 1 1 1\r\n0 1 2 2\r\n0 1 3 3\r\n0 1 4 4\r\n0 1 5 5\r\n0 1 6 6\r\n0 1 7 7\r\n","CorrectOutput":false,"FailMessage":"Output not formatted correctly"},{"Input":"4\r\n0 329 375 233 \r\n329 0 281 295 \r\n375 281 0 288 \r\n233 295 288 0 \r\n","Output":"0\r\n0 1 0 0\r\n0 1 1 1\r\n0 1 2 2\r\n0 1 3 3\r\n","CorrectOutput":false,"FailMessage":"Output not formatted correctly"},{"Input":"4\r\n0 333 269 285 \r\n333 0 224 114 \r\n269 224 0 186 \r\n285 114 186 0 \r\n","Output":"0\r\n0 1 0 0\r\n0 1 1 1\r\n0 1 2 2\r\n0 1 3 3\r\n","CorrectOutput":false,"FailMessage":"Output not formatted correctly"},{"Input":"6\r\n0 216 119 199 165 396 \r\n216 0 380 138 179 188 \r\n119 380 0 116 346 314 \r\n199 138 116 0 234 263 \r\n165 179 346 234 0 339 \r\n396 188 314 263 339 0 \r\n","Output":"0\r\n0 1 0 0\r\n0 1 1 1\r\n0 1 2 2\r\n0 1 3 3\r\n0 1 4 4\r\n0 1 5 5\r\n","CorrectOutput":false,"FailMessage":"Output not formatted correctly"},{"Input":"5\r\n0 160 231 229 335 \r\n160 0 291 315 143 \r\n231 291 0 244 388 \r\n229 315 244 0 238 \r\n335 143 388 238 0 \r\n","Output":"0\r\n0 1 0 0\r\n0 1 1 1\r\n0 1 2 2\r\n0 1 3 3\r\n0 1 4 4\r\n","CorrectOutput":false,"FailMessage":"Output not formatted correctly"},{"Input":"5\r\n0 262 350 137 213 \r\n262 0 168 376 165 \r\n350 168 0 208 226 \r\n137 376 208 0 302 \r\n213 165 226 302 0 \r\n","Output":"0\r\n0 1 0 0\r\n0 1 1 1\r\n0 1 2 2\r\n0 1 3 3\r\n0 1 4 4\r\n","CorrectOutput":false,"FailMessage":"Output not formatted correctly"},{"Input":"6\r\n0 130 300 241 196 298 \r\n130 0 357 112 288 199 \r\n300 357 0 228 224 181 \r\n241 112 228 0 253 367 \r\n196 288 224 253 0 230 \r\n298 199 181 367 230 0 \r\n","Output":"0\r\n0 1 0 0\r\n0 1 1 1\r\n0 1 2 2\r\n0 1 3 3\r\n0 1 4 4\r\n0 1 5 5\r\n","CorrectOutput":false,"FailMessage":"Output not formatted correctly"},{"Input":"7\r\n0 213 347 367 292 259 189 \r\n213 0 394 111 157 106 116 \r\n347 394 0 353 335 230 362 \r\n367 111 353 0 357 256 299 \r\n292 157 335 357 0 376 152 \r\n259 106 230 256 376 0 393 \r\n189 116 362 299 152 393 0 \r\n","Output":"0\r\n0 1 0 0\r\n0 1 1 1\r\n0 1 2 2\r\n0 1 3 3\r\n0 1 4 4\r\n0 1 5 5\r\n0 1 6 6\r\n","CorrectOutput":false,"FailMessage":"Output not formatted correctly"},{"Input":"6\r\n0 319 178 118 328 300 \r\n319 0 141 212 239 127 \r\n178 141 0 378 389 193 \r\n118 212 378 0 182 273 \r\n328 239 389 182 0 398 \r\n300 127 193 273 398 0 \r\n","Output":"0\r\n0 1 0 0\r\n0 1 1 1\r\n0 1 2 2\r\n0 1 3 3\r\n0 1 4 4\r\n0 1 5 5\r\n","CorrectOutput":false,"FailMessage":"Output not formatted correctly"},{"Input":"9\r\n0 397 140 181 174 103 387 364 158 \r\n397 0 254 393 196 172 190 290 324 \r\n140 254 0 175 169 208 184 390 386 \r\n181 393 175 0 124 222 225 255 201 \r\n174 196 169 124 0 120 182 242 146 \r\n103 172 208 222 120 0 274 254 232 \r\n387 190 184 225 182 274 0 298 377 \r\n364 290 390 255 242 254 298 0 122 \r\n158 324 386 201 146 232 377 122 0 \r\n","Output":"0\r\n0 1 0 0\r\n0 1 1 1\r\n0 1 2 2\r\n0 1 3 3\r\n0 1 4 4\r\n0 1 5 5\r\n0 1 6 6\r\n0 1 7 7\r\n0 1 8 8\r\n","CorrectOutput":false,"FailMessage":"Output not formatted correctly"},{"Input":"4\r\n0 172 291 219 \r\n172 0 292 164 \r\n291 292 0 393 \r\n219 164 393 0 \r\n","Output":"0\r\n0 1 0 0\r\n0 1 1 1\r\n0 1 2 2\r\n0 1 3 3\r\n","CorrectOutput":false,"FailMessage":"Output not formatted correctly"},{"Input":"7\r\n0 163 314 224 126 318 343 \r\n163 0 292 168 158 389 309 \r\n314 292 0 311 241 185 338 \r\n224 168 311 0 283 339 394 \r\n126 158 241 283 0 241 272 \r\n318 389 185 339 241 0 356 \r\n343 309 338 394 272 356 0 \r\n","Output":"0\r\n0 1 0 0\r\n0 1 1 1\r\n0 1 2 2\r\n0 1 3 3\r\n0 1 4 4\r\n0 1 5 5\r\n0 1 6 6\r\n","CorrectOutput":false,"FailMessage":"Output not formatted correctly"},{"Input":"7\r\n0 366 317 136 268 341 312 \r\n366 0 378 122 148 127 186 \r\n317 378 0 264 206 160 329 \r\n136 122 264 0 142 238 315 \r\n268 148 206 142 0 226 240 \r\n341 127 160 238 226 0 306 \r\n312 186 329 315 240 306 0 \r\n","Output":"0\r\n0 1 0 0\r\n0 1 1 1\r\n0 1 2 2\r\n0 1 3 3\r\n0 1 4 4\r\n0 1 5 5\r\n0 1 6 6\r\n","CorrectOutput":false,"FailMessage":"Output not formatted correctly"},{"Input":"6\r\n0 182 391 245 330 208 \r\n182 0 251 313 130 354 \r\n391 251 0 132 255 391 \r\n245 313 132 0 339 183 \r\n330 130 255 339 0 122 \r\n208 354 391 183 122 0 \r\n","Output":"0\r\n0 1 0 0\r\n0 1 1 1\r\n0 1 2 2\r\n0 1 3 3\r\n0 1 4 4\r\n0 1 5 5\r\n","CorrectOutput":false,"FailMessage":"Output not formatted correctly"},{"Input":"7\r\n0 212 289 185 247 138 356 \r\n212 0 249 165 379 278 374 \r\n289 249 0 227 169 165 265 \r\n185 165 227 0 303 295 293 \r\n247 379 169 303 0 181 186 \r\n138 278 165 295 181 0 327 \r\n356 374 265 293 186 327 0 \r\n","Output":"0\r\n0 1 0 0\r\n0 1 1 1\r\n0 1 2 2\r\n0 1 3 3\r\n0 1 4 4\r\n0 1 5 5\r\n0 1 6 6\r\n","CorrectOutput":false,"FailMessage":"Output not formatted correctly"},{"Input":"5\r\n0 301 212 150 355 \r\n301 0 260 111 374 \r\n212 260 0 399 301 \r\n150 111 399 0 274 \r\n355 374 301 274 0 \r\n","Output":"0\r\n0 1 0 0\r\n0 1 1 1\r\n0 1 2 2\r\n0 1 3 3\r\n0 1 4 4\r\n","CorrectOutput":false,"FailMessage":"Output not formatted correctly"},{"Input":"9\r\n0 122 361 351 120 225 293 238 306 \r\n122 0 201 228 399 205 257 288 271 \r\n361 201 0 367 347 387 103 305 280 \r\n351 228 367 0 209 273 307 146 330 \r\n120 399 347 209 0 127 117 149 170 \r\n225 205 387 273 127 0 218 217 351 \r\n293 257 103 307 117 218 0 102 365 \r\n238 288 305 146 149 217 102 0 278 \r\n306 271 280 330 170 351 365 278 0 \r\n","Output":"0\r\n0 1 0 0\r\n0 1 1 1\r\n0 1 2 2\r\n0 1 3 3\r\n0 1 4 4\r\n0 1 5 5\r\n0 1 6 6\r\n0 1 7 7\r\n0 1 8 8\r\n","CorrectOutput":false,"FailMessage":"Output not formatted correctly"},{"Input":"8\r\n0 391 211 174 135 194 170 254 \r\n391 0 259 238 167 192 171 243 \r\n211 259 0 175 321 395 366 134 \r\n174 238 175 0 284 302 180 240 \r\n135 167 321 284 0 338 139 392 \r\n194 192 395 302 338 0 361 173 \r\n170 171 366 180 139 361 0 100 \r\n254 243 134 240 392 173 100 0 \r\n","Output":"0\r\n0 1 0 0\r\n0 1 1 1\r\n0 1 2 2\r\n0 1 3 3\r\n0 1 4 4\r\n0 1 5 5\r\n0 1 6 6\r\n0 1 7 7\r\n","CorrectOutput":false,"FailMessage":"Output not formatted correctly"},{"Input":"5\r\n0 185 152 315 178 \r\n185 0 120 349 107 \r\n152 120 0 106 290 \r\n315 349 106 0 383 \r\n178 107 290 383 0 \r\n","Output":"0\r\n0 1 0 0\r\n0 1 1 1\r\n0 1 2 2\r\n0 1 3 3\r\n0 1 4 4\r\n","CorrectOutput":false,"FailMessage":"Output not formatted correctly"},{"Input":"7\r\n0 257 288 323 353 266 186 \r\n257 0 105 357 213 247 378 \r\n288 105 0 231 345 333 122 \r\n323 357 231 0 203 128 283 \r\n353 213 345 203 0 230 254 \r\n266 247 333 128 230 0 352 \r\n186 378 122 283 254 352 0 \r\n","Output":"0\r\n0 1 0 0\r\n0 1 1 1\r\n0 1 2 2\r\n0 1 3 3\r\n0 1 4 4\r\n0 1 5 5\r\n0 1 6 6\r\n","CorrectOutput":false,"FailMessage":"Output not formatted correctly"},{"Input":"7\r\n0 325 314 155 308 142 332 \r\n325 0 399 117 153 117 177 \r\n314 399 0 303 322 298 169 \r\n155 117 303 0 277 383 104 \r\n308 153 322 277 0 384 141 \r\n142 117 298 383 384 0 348 \r\n332 177 169 104 141 348 0 \r\n","Output":"0\r\n0 1 0 0\r\n0 1 1 1\r\n0 1 2 2\r\n0 1 3 3\r\n0 1 4 4\r\n0 1 5 5\r\n0 1 6 6\r\n","CorrectOutput":false,"FailMessage":"Output not formatted correctly"},{"Input":"8\r\n0 317 131 351 258 118 322 223 \r\n317 0 106 243 153 236 232 158 \r\n131 106 0 330 147 360 302 261 \r\n351 243 330 0 109 168 343 224 \r\n258 153 147 109 0 353 255 339 \r\n118 236 360 168 353 0 328 342 \r\n322 232 302 343 255 328 0 214 \r\n223 158 261 224 339 342 214 0 \r\n","Output":"0\r\n0 1 0 0\r\n0 1 1 1\r\n0 1 2 2\r\n0 1 3 3\r\n0 1 4 4\r\n0 1 5 5\r\n0 1 6 6\r\n0 1 7 7\r\n","CorrectOutput":false,"FailMessage":"Output not formatted correctly"},{"Input":"7\r\n0 175 313 207 223 188 325 \r\n175 0 225 350 281 297 227 \r\n313 225 0 273 137 237 242 \r\n207 350 273 0 282 255 133 \r\n223 281 137 282 0 115 104 \r\n188 297 237 255 115 0 341 \r\n325 227 242 133 104 341 0 \r\n","Output":"0\r\n0 1 0 0\r\n0 1 1 1\r\n0 1 2 2\r\n0 1 3 3\r\n0 1 4 4\r\n0 1 5 5\r\n0 1 6 6\r\n","CorrectOutput":false,"FailMessage":"Output not formatted correctly"},{"Input":"9\r\n0 358 220 267 239 177 224 310 147 \r\n358 0 225 260 241 324 392 105 203 \r\n220 225 0 384 397 104 341 382 171 \r\n267 260 384 0 166 238 154 187 108 \r\n239 241 397 166 0 127 278 192 266 \r\n177 324 104 238 127 0 367 209 240 \r\n224 392 341 154 278 367 0 248 300 \r\n310 105 382 187 192 209 248 0 381 \r\n147 203 171 108 266 240 300 381 0 \r\n","Output":"0\r\n0 1 0 0\r\n0 1 1 1\r\n0 1 2 2\r\n0 1 3 3\r\n0 1 4 4\r\n0 1 5 5\r\n0 1 6 6\r\n0 1 7 7\r\n0 1 8 8\r\n","CorrectOutput":false,"FailMessage":"Output not formatted correctly"},{"Input":"5\r\n0 298 135 227 396 \r\n298 0 202 190 279 \r\n135 202 0 254 333 \r\n227 190 254 0 388 \r\n396 279 333 388 0 \r\n","Output":"0\r\n0 1 0 0\r\n0 1 1 1\r\n0 1 2 2\r\n0 1 3 3\r\n0 1 4 4\r\n","CorrectOutput":false,"FailMessage":"Output not formatted correctly"},{"Input":"9\r\n0 168 165 219 215 198 119 351 224 \r\n168 0 154 124 214 311 112 133 178 \r\n165 154 0 109 112 148 147 160 228 \r\n219 124 109 0 280 250 380 213 340 \r\n215 214 112 280 0 224 319 258 319 \r\n198 311 148 250 224 0 398 138 238 \r\n119 112 147 380 319 398 0 125 296 \r\n351 133 160 213 258 138 125 0 209 \r\n224 178 228 340 319 238 296 209 0 \r\n","Output":"0\r\n0 1 0 0\r\n0 1 1 1\r\n0 1 2 2\r\n0 1 3 3\r\n0 1 4 4\r\n0 1 5 5\r\n0 1 6 6\r\n0 1 7 7\r\n0 1 8 8\r\n","CorrectOutput":false,"FailMessage":"Output not formatted correctly"},{"Input":"5\r\n0 201 109 218 266 \r\n201 0 111 193 274 \r\n109 111 0 191 257 \r\n218 193 191 0 325 \r\n266 274 257 325 0 \r\n","Output":"0\r\n0 1 0 0\r\n0 1 1 1\r\n0 1 2 2\r\n0 1 3 3\r\n0 1 4 4\r\n","CorrectOutput":false,"FailMessage":"Output not formatted correctly"},{"Input":"8\r\n0 384 292 229 181 370 316 302 \r\n384 0 399 208 181 327 332 230 \r\n292 399 0 134 393 252 385 148 \r\n229 208 134 0 199 106 374 388 \r\n181 181 393 199 0 373 116 310 \r\n370 327 252 106 373 0 205 297 \r\n316 332 385 374 116 205 0 124 \r\n302 230 148 388 310 297 124 0 \r\n","Output":"0\r\n0 1 0 0\r\n0 1 1 1\r\n0 1 2 2\r\n0 1 3 3\r\n0 1 4 4\r\n0 1 5 5\r\n0 1 6 6\r\n0 1 7 7\r\n","CorrectOutput":false,"FailMessage":"Output not formatted correctly"},{"Input":"8\r\n0 233 154 369 281 396 194 116 \r\n233 0 148 233 300 324 342 171 \r\n154 148 0 146 245 103 213 166 \r\n369 233 146 0 125 227 275 143 \r\n281 300 245 125 0 129 272 361 \r\n396 324 103 227 129 0 128 273 \r\n194 342 213 275 272 128 0 323 \r\n116 171 166 143 361 273 323 0 \r\n","Output":"0\r\n0 1 0 0\r\n0 1 1 1\r\n0 1 2 2\r\n0 1 3 3\r\n0 1 4 4\r\n0 1 5 5\r\n0 1 6 6\r\n0 1 7 7\r\n","CorrectOutput":false,"FailMessage":"Output not formatted correctly"},{"Input":"9\r\n0 205 284 331 237 149 305 351 236 \r\n205 0 222 360 292 192 338 228 367 \r\n284 222 0 332 371 122 396 368 119 \r\n331 360 332 0 219 246 307 102 104 \r\n237 292 371 219 0 378 110 210 287 \r\n149 192 122 246 378 0 250 392 231 \r\n305 338 396 307 110 250 0 297 215 \r\n351 228 368 102 210 392 297 0 181 \r\n236 367 119 104 287 231 215 181 0 \r\n","Output":"0\r\n0 1 0 0\r\n0 1 1 1\r\n0 1 2 2\r\n0 1 3 3\r\n0 1 4 4\r\n0 1 5 5\r\n0 1 6 6\r\n0 1 7 7\r\n0 1 8 8\r\n","CorrectOutput":false,"FailMessage":"Output not formatted correctly"},{"Input":"6\r\n0 376 138 167 275 111 \r\n376 0 258 156 354 383 \r\n138 258 0 126 211 380 \r\n167 156 126 0 281 111 \r\n275 354 211 281 0 333 \r\n111 383 380 111 333 0 \r\n","Output":"0\r\n0 1 0 0\r\n0 1 1 1\r\n0 1 2 2\r\n0 1 3 3\r\n0 1 4 4\r\n0 1 5 5\r\n","CorrectOutput":false,"FailMessage":"Output not formatted correctly"},{"Input":"7\r\n0 164 191 244 341 151 182 \r\n164 0 112 253 357 395 136 \r\n191 112 0 225 124 325 261 \r\n244 253 225 0 226 375 383 \r\n341 357 124 226 0 117 269 \r\n151 395 325 375 117 0 362 \r\n182 136 261 383 269 362 0 \r\n","Output":"0\r\n0 1 0 0\r\n0 1 1 1\r\n0 1 2 2\r\n0 1 3 3\r\n0 1 4 4\r\n0 1 5 5\r\n0 1 6 6\r\n","CorrectOutput":false,"FailMessage":"Output not formatted correctly"},{"Input":"4\r\n0 137 232 352 \r\n137 0 116 113 \r\n232 116 0 150 \r\n352 113 150 0 \r\n","Output":"0\r\n0 1 0 0\r\n0 1 1 1\r\n0 1 2 2\r\n0 1 3 3\r\n","CorrectOutput":false,"FailMessage":"Output not formatted correctly"},{"Input":"7\r\n0 151 177 375 363 148 148 \r\n151 0 331 163 149 212 237 \r\n177 331 0 205 268 122 338 \r\n375 163 205 0 281 304 258 \r\n363 149 268 281 0 383 379 \r\n148 212 122 304 383 0 369 \r\n148 237 338 258 379 369 0 \r\n","Output":"0\r\n0 1 0 0\r\n0 1 1 1\r\n0 1 2 2\r\n0 1 3 3\r\n0 1 4 4\r\n0 1 5 5\r\n0 1 6 6\r\n","CorrectOutput":false,"FailMessage":"Output not formatted correctly"},{"Input":"5\r\n0 367 156 377 241 \r\n367 0 157 297 285 \r\n156 157 0 332 287 \r\n377 297 332 0 353 \r\n241 285 287 353 0 \r\n","Output":"0\r\n0 1 0 0\r\n0 1 1 1\r\n0 1 2 2\r\n0 1 3 3\r\n0 1 4 4\r\n","CorrectOutput":false,"FailMessage":"Output not formatted correctly"},{"Input":"6\r\n0 105 380 331 127 114 \r\n105 0 277 131 132 331 \r\n380 277 0 300 240 386 \r\n331 131 300 0 142 388 \r\n127 132 240 142 0 266 \r\n114 331 386 388 266 0 \r\n","Output":"0\r\n0 1 0 0\r\n0 1 1 1\r\n0 1 2 2\r\n0 1 3 3\r\n0 1 4 4\r\n0 1 5 5\r\n","CorrectOutput":false,"FailMessage":"Output not formatted correctly"},{"Input":"7\r\n0 380 242 310 233 228 399 \r\n380 0 349 293 311 277 389 \r\n242 349 0 254 270 183 338 \r\n310 293 254 0 141 292 361 \r\n233 311 270 141 0 278 292 \r\n228 277 183 292 278 0 155 \r\n399 389 338 361 292 155 0 \r\n","Output":"0\r\n0 1 0 0\r\n0 1 1 1\r\n0 1 2 2\r\n0 1 3 3\r\n0 1 4 4\r\n0 1 5 5\r\n0 1 6 6\r\n","CorrectOutput":false,"FailMessage":"Out